# itau tau weighted_probability_total weighted_delta_from_first max_k_index max_k max_k_weighted_probability
# mature_reference=sum_mom uses |mom|^2*k^2*sin(theta)*dk*dtheta*dphi
# dk_dtheta_dphi   6.2375000000000007E-02   1.5707963267948966E-01   6.2831853071795862E+00
       1   0.0000000000000000E+00   1.3210238615245887E-01   2.7755575615628914E-17        5   2.5450000000000000E-01   1.4526026824303382E-02
       2   8.6822047244094480E-01   1.3639101799993258E-01   4.2886318474737450E-03        5   2.5450000000000000E-01   1.5286465511421174E-02
       3   1.7364409448818896E+00   1.3990731783022770E-01   7.8049316777688560E-03        5   2.5450000000000000E-01   1.5778852430352791E-02
       4   2.6046614173228346E+00   1.4269027332262985E-01   1.0587887170171006E-02        5   2.5450000000000000E-01   1.5970769439569217E-02
       5   3.4728818897637792E+00   1.4475084182322079E-01   1.2648455670761949E-02       11   6.2875000000000003E-01   1.6408493107282880E-02
       6   4.3411023622047242E+00   1.4627745944364368E-01   1.4175073291184836E-02       11   6.2875000000000003E-01   1.6816403404031115E-02
       7   5.2093228346456693E+00   1.4742078698507399E-01   1.5318400832615153E-02       11   6.2875000000000003E-01   1.6823705213692041E-02
       8   6.0775433070866134E+00   1.4785251417310744E-01   1.5750128020648596E-02       11   6.2875000000000003E-01   1.6486744405343954E-02
       9   6.9457637795275584E+00   1.4698853495641914E-01   1.4886148803960303E-02       11   6.2875000000000003E-01   1.5969649641294908E-02
      10   7.8139842519685034E+00   1.4467331185198276E-01   1.2570925699523922E-02        5   2.5450000000000000E-01   1.5813637916828067E-02
      11   8.6822047244094485E+00   1.4136629948551604E-01   9.2639133330572054E-03        5   2.5450000000000000E-01   1.5755761214881706E-02
      12   9.5504251968503944E+00   1.3770986198891882E-01   5.6074758364599853E-03        5   2.5450000000000000E-01   1.5491797835730530E-02
      13   1.0418645669291339E+01   1.3407071051154473E-01   1.9683243590858934E-03        5   2.5450000000000000E-01   1.4966728488309992E-02
      14   1.1286866141732284E+01   1.3066640764130374E-01  -1.4359785111550949E-03        5   2.5450000000000000E-01   1.4218753461216024E-02
      15   1.2155086614173227E+01   1.2786832817829441E-01  -4.2340579741644291E-03        9   5.0400000000000000E-01   1.3842297350311131E-02
      16   1.3023307086614173E+01   1.2621691888562070E-01  -5.8854672668381403E-03        9   5.0400000000000000E-01   1.3385697107076351E-02
      17   1.3891527559055117E+01   1.2608195141569273E-01  -6.0204347367661115E-03       11   6.2875000000000003E-01   1.3479111528108642E-02
      18   1.4759748031496061E+01   1.2734145914265599E-01  -4.7609270098028511E-03       11   6.2875000000000003E-01   1.3839134473896250E-02
      19   1.5627968503937007E+01   1.2946149527204581E-01  -2.6408908804130271E-03       11   6.2875000000000003E-01   1.4214887536789825E-02
      20   1.6496188976377955E+01   1.3175564671253306E-01  -3.4673943992577505E-04        5   2.5450000000000000E-01   1.4534877918825330E-02
      21   1.7364409448818897E+01   1.3378070863413272E-01   1.6783224816738773E-03        5   2.5450000000000000E-01   1.5496533360816758E-02
      22   1.8232629921259843E+01   1.3547670773667378E-01   3.3743215842149399E-03        5   2.5450000000000000E-01   1.6173466911158313E-02
      23   1.9100850393700789E+01   1.3690526028610789E-01   4.8028741336490488E-03        5   2.5450000000000000E-01   1.6408572075387960E-02
      24   1.9969070866141735E+01   1.3802271130415419E-01   5.9203251516953548E-03        5   2.5450000000000000E-01   1.6201984372527137E-02
      25   2.0837291338582677E+01   1.3871003897554945E-01   6.6076528230906151E-03        5   2.5450000000000000E-01   1.5676544072836373E-02
      26   2.1705511811023623E+01   1.3904390972673558E-01   6.9415235742767423E-03        5   2.5450000000000000E-01   1.5002428199461303E-02
      27   2.2573732283464569E+01   1.3935170668673574E-01   7.2493205342769040E-03        9   5.0400000000000000E-01   1.5340106293963708E-02
      28   2.3441952755905511E+01   1.3998403159404399E-01   7.8816454415851500E-03        9   5.0400000000000000E-01   1.5999938221546297E-02
      29   2.4310173228346454E+01   1.4101632026917177E-01   8.9139341167129293E-03        9   5.0400000000000000E-01   1.6478924521879358E-02
      30   2.5178393700787399E+01   1.4217662435999884E-01   1.0074238207539998E-02        9   5.0400000000000000E-01   1.6718699679596664E-02
      31   2.6046614173228345E+01   1.4302547383630471E-01   1.0923087683845867E-02        9   5.0400000000000000E-01   1.6612331658181764E-02
      32   2.6914834645669288E+01   1.4312928732287034E-01   1.1026901170411496E-02       11   6.2875000000000003E-01   1.6218300689441363E-02
      33   2.7783055118110234E+01   1.4227053387352473E-01   1.0168147721065890E-02       11   6.2875000000000003E-01   1.5863503299173815E-02
      34   2.8651275590551180E+01   1.4044881888009395E-01   8.3464327276351058E-03        5   2.5450000000000000E-01   1.5678236712711319E-02
      35   2.9519496062992122E+01   1.3777704802170623E-01   5.6746618692473938E-03        5   2.5450000000000000E-01   1.5711449574444907E-02
      36   3.0387716535433068E+01   1.3452109582394184E-01   2.4187096714829992E-03        5   2.5450000000000000E-01   1.5544291484550459E-02
      37   3.1255937007874014E+01   1.3109263231034807E-01  -1.0097538421107721E-03        5   2.5450000000000000E-01   1.5229400228997513E-02
      38   3.2124157480314963E+01   1.2802322950429545E-01  -4.0791566481633845E-03        5   2.5450000000000000E-01   1.4829374646605342E-02
      39   3.2992377952755909E+01   1.2581371868524591E-01  -6.2886674672129328E-03        5   2.5450000000000000E-01   1.4428651934429043E-02
      40   3.3860598425196855E+01   1.2477478745073656E-01  -7.3275987017222821E-03        5   2.5450000000000000E-01   1.4126179515902232E-02
      41   3.4728818897637794E+01   1.2504688638334271E-01  -7.0554997691161248E-03        5   2.5450000000000000E-01   1.3990525971561665E-02
      42   3.5597039370078740E+01   1.2670646651028658E-01  -5.3959196421722588E-03        5   2.5450000000000000E-01   1.4033249634042701E-02
      43   3.6465259842519686E+01   1.2968837506493319E-01  -2.4140110875256471E-03        5   2.5450000000000000E-01   1.4225859567319039E-02
      44   3.7333480314960632E+01   1.3359930957575128E-01   1.4969234232924400E-03       11   6.2875000000000003E-01   1.4537377644509639E-02
      45   3.8201700787401577E+01   1.3785205535365114E-01   5.7496692011922979E-03       11   6.2875000000000003E-01   1.5526862674772709E-02
      46   3.9069921259842523E+01   1.4191432500644069E-01   9.8119388539818497E-03       11   6.2875000000000003E-01   1.6133326841713487E-02
      47   3.9938141732283469E+01   1.4537331449237262E-01   1.3270928339913779E-02       11   6.2875000000000003E-01   1.6342008212779528E-02
      48   4.0806362204724408E+01   1.4780903668214224E-01   1.5706650529683397E-02        9   5.0400000000000000E-01   1.6274212226904117E-02
      49   4.1674582677165354E+01   1.4878857816327434E-01   1.6686192010815504E-02        9   5.0400000000000000E-01   1.6849556385280538E-02
      50   4.2542803149606300E+01   1.4811729773575871E-01   1.6014911583299873E-02        9   5.0400000000000000E-01   1.6773650256732175E-02
      51   4.3411023622047246E+01   1.4597107252582606E-01   1.3868686373367217E-02        9   5.0400000000000000E-01   1.5907023034538340E-02
      52   4.4279244094488192E+01   1.4280480760805758E-01   1.0702421455598743E-02        5   2.5450000000000000E-01   1.5383121631796202E-02
      53   4.5147464566929138E+01   1.3911367701083716E-01   7.0112908583783162E-03        5   2.5450000000000000E-01   1.5574968509802906E-02
      54   4.6015685039370084E+01   1.3524005362046343E-01   3.1376674680045902E-03        5   2.5450000000000000E-01   1.5772754510557853E-02
      55   4.6883905511811022E+01   1.3137677414509913E-01  -7.2561200735971054E-04        5   2.5450000000000000E-01   1.5891271362515797E-02
      56   4.7752125984251968E+01   1.2770036754824485E-01  -4.4020186042139919E-03        5   2.5450000000000000E-01   1.5846226178936211E-02
      57   4.8620346456692907E+01   1.2454778604268617E-01  -7.5546001097726717E-03        5   2.5450000000000000E-01   1.5591445666781573E-02
      58   4.9488566929133853E+01   1.2245036927030514E-01  -9.6520168821536967E-03        5   2.5450000000000000E-01   1.5142379963875088E-02
      59   5.0356787401574799E+01   1.2191117972264051E-01  -1.0191206429818328E-02        5   2.5450000000000000E-01   1.4578440693766511E-02
      60   5.1225007874015745E+01   1.2311252955698669E-01  -8.9898565954721482E-03        5   2.5450000000000000E-01   1.4025346983222331E-02
      61   5.2093228346456691E+01   1.2587469801335316E-01  -6.2276881391056804E-03        5   2.5450000000000000E-01   1.3626321856241852E-02
      62   5.2961448818897630E+01   1.2984188535837460E-01  -2.2605007940842414E-03       11   6.2875000000000003E-01   1.3589565532497988E-02
      63   5.3829669291338575E+01   1.3460092941951834E-01   2.4985432670595054E-03       11   6.2875000000000003E-01   1.4460797169318156E-02
      64   5.4697889763779521E+01   1.3967344805313139E-01   7.5710619006725544E-03       11   6.2875000000000003E-01   1.5341357211372229E-02
      65   5.5566110236220467E+01   1.4443451124386325E-01   1.2332125091404411E-02       11   6.2875000000000003E-01   1.6033232409994439E-02
      66   5.6434330708661413E+01   1.4809866647849210E-01   1.5996280326033258E-02       11   6.2875000000000003E-01   1.6344485129894698E-02
      67   5.7302551181102359E+01   1.4989497048021416E-01   1.7792584327755323E-02        5   2.5450000000000000E-01   1.6705173129519031E-02
      68   5.8170771653543305E+01   1.4940957301394425E-01   1.7307186861485413E-02        5   2.5450000000000000E-01   1.7161800530201846E-02
      69   5.9038992125984244E+01   1.4675324180789234E-01   1.4650855655433503E-02        5   2.5450000000000000E-01   1.7237649585144101E-02
      70   5.9907212598425190E+01   1.4246251209009697E-01   1.0360125937638132E-02        5   2.5450000000000000E-01   1.6917765147427183E-02
      71   6.0775433070866136E+01   1.3734827140836026E-01   5.2458852559014169E-03        5   2.5450000000000000E-01   1.6269013324478727E-02
      72   6.1643653543307082E+01   1.3227835545089589E-01   1.7596929843705089E-04        5   2.5450000000000000E-01   1.5442429146679527E-02
      73   6.2511874015748027E+01   1.2807066581933868E-01  -4.0317203331201590E-03        5   2.5450000000000000E-01   1.4637234139501226E-02
      74   6.3380094488188973E+01   1.2534861218070786E-01  -6.7537739717509759E-03        5   2.5450000000000000E-01   1.4033560415050782E-02
      75   6.4248314960629926E+01   1.2427094668871563E-01  -7.8314394637432061E-03        5   2.5450000000000000E-01   1.3729604175241463E-02
      76   6.5116535433070865E+01   1.2454859528652520E-01  -7.5537908659336350E-03        5   2.5450000000000000E-01   1.3711167284120241E-02
      77   6.5984755905511818E+01   1.2573957828827922E-01  -6.3628078641796149E-03        5   2.5450000000000000E-01   1.3868448146910139E-02
      78   6.6852976377952757E+01   1.2756911740884358E-01  -4.5332687436152597E-03        5   2.5450000000000000E-01   1.4057722411164793E-02
      79   6.7721196850393710E+01   1.2989185120271696E-01  -2.2105349497418825E-03        5   2.5450000000000000E-01   1.4177585605623117E-02
      80   6.8589417322834649E+01   1.3241016206532991E-01   3.0777591287106665E-04       11   6.2875000000000003E-01   1.4491731858754079E-02
      81   6.9457637795275588E+01   1.3468594625675107E-01   2.5835601042922263E-03       11   6.2875000000000003E-01   1.4837653898511754E-02
      82   7.0325858267716541E+01   1.3643866381632741E-01   4.3362776638685707E-03       11   6.2875000000000003E-01   1.4935089194960572E-02
      83   7.1194078740157480E+01   1.3782152795434061E-01   5.7191418018817664E-03       11   6.2875000000000003E-01   1.4926899165663584E-02
      84   7.2062299212598433E+01   1.3919546336676331E-01   7.0930772143044662E-03       11   6.2875000000000003E-01   1.4950588499018263E-02
      85   7.2930519685039371E+01   1.4064978377988005E-01   8.5473976274212105E-03        5   2.5450000000000000E-01   1.5384631384441076E-02
      86   7.3798740157480324E+01   1.4189891070740909E-01   9.7965245549502533E-03        5   2.5450000000000000E-01   1.5887616365151916E-02
      87   7.4666960629921263E+01   1.4252597906159564E-01   1.0423592909136803E-02        5   2.5450000000000000E-01   1.6286695067575206E-02
      88   7.5535181102362202E+01   1.4235851075317354E-01   1.0256124600714706E-02        5   2.5450000000000000E-01   1.6469155694746766E-02
      89   7.6403401574803155E+01   1.4151573197973560E-01   9.4133458272767645E-03        5   2.5450000000000000E-01   1.6378861882940587E-02
      90   7.7271622047244094E+01   1.4013021883903939E-01   8.0278326865805549E-03        5   2.5450000000000000E-01   1.6034276983535885E-02
      91   7.8139842519685047E+01   1.3818786725419913E-01   6.0854811017402866E-03        5   2.5450000000000000E-01   1.5510496232422446E-02
      92   7.9008062992125986E+01   1.3564086465957914E-01   3.5384785071203018E-03        5   2.5450000000000000E-01   1.4911404331332735E-02
      93   7.9876283464566939E+01   1.3266515025093048E-01   5.6276409847164088E-04        5   2.5450000000000000E-01   1.4356815130977783E-02
      94   8.0744503937007877E+01   1.2978216470011616E-01  -2.3202214523426745E-03       11   6.2875000000000003E-01   1.4071476557049795E-02
      95   8.1612724409448816E+01   1.2775894674544425E-01  -4.3434394070145932E-03       11   6.2875000000000003E-01   1.4476929324050303E-02
      96   8.2480944881889769E+01   1.2727992535500554E-01  -4.8224607974532985E-03       11   6.2875000000000003E-01   1.4822579560023239E-02
      97   8.3349165354330708E+01   1.2863222737381519E-01  -3.4701587786436505E-03       11   6.2875000000000003E-01   1.5058543863550553E-02
      98   8.4217385826771661E+01   1.3163089818743851E-01  -4.7148796502033408E-04       11   6.2875000000000003E-01   1.5151728834105038E-02
      99   8.5085606299212600E+01   1.3562529963430350E-01   3.5229134818446639E-03       11   6.2875000000000003E-01   1.5088958438512361E-02
     100   8.5953826771653553E+01   1.3966921154264794E-01   7.5668253901891025E-03       11   6.2875000000000003E-01   1.4897495982078424E-02
     101   8.6822047244094492E+01   1.4279217798232197E-01   1.0689791829863127E-02        5   2.5450000000000000E-01   1.5025864075415053E-02
     102   8.7690267716535431E+01   1.4422751697447139E-01   1.2125130822012553E-02        5   2.5450000000000000E-01   1.5221683785807809E-02
     103   8.8558488188976384E+01   1.4368956751901801E-01   1.1587181366559174E-02        5   2.5450000000000000E-01   1.5379352613371099E-02
     104   8.9426708661417322E+01   1.4147385957860334E-01   9.3714734261444999E-03        5   2.5450000000000000E-01   1.5501623849964043E-02
     105   9.0294929133858275E+01   1.3835602448301537E-01   6.2536383305565324E-03        5   2.5450000000000000E-01   1.5582598815979426E-02
     106   9.1163149606299214E+01   1.3535161125074846E-01   3.2492250982896209E-03        5   2.5450000000000000E-01   1.5609833051897695E-02
     107   9.2031370078740167E+01   1.3331622835554419E-01   1.2138422030853468E-03        5   2.5450000000000000E-01   1.5570296822278718E-02
     108   9.2899590551181106E+01   1.3264278925549394E-01   5.4040310303510308E-04        5   2.5450000000000000E-01   1.5457250682591111E-02
     109   9.3767811023622045E+01   1.3314002167847627E-01   1.0376355260174330E-03        5   2.5450000000000000E-01   1.5277416480818580E-02
     110   9.4636031496062998E+01   1.3418623665524484E-01   2.0838505027860055E-03        5   2.5450000000000000E-01   1.5052955918829547E-02
     111   9.5504251968503937E+01   1.3515554178662603E-01   3.0531556341671928E-03        5   2.5450000000000000E-01   1.4820194924584775E-02
     112   9.6372472440944890E+01   1.3575639946377102E-01   3.6540133113121820E-03        5   2.5450000000000000E-01   1.4626040289167620E-02
     113   9.7240692913385814E+01   1.3605783797969140E-01   3.9554518272325589E-03        5   2.5450000000000000E-01   1.4514115419821555E-02
     114   9.8108913385826767E+01   1.3625289850482181E-01   4.1505123523629672E-03       11   6.2875000000000003E-01   1.4781040099812601E-02
     115   9.8977133858267706E+01   1.3646236452259880E-01   4.3599783701399608E-03       11   6.2875000000000003E-01   1.5116933014080194E-02
     116   9.9845354330708645E+01   1.3670797506022309E-01   4.6055889077642465E-03       11   6.2875000000000003E-01   1.5142325048835555E-02
     117   1.0071357480314960E+02   1.3692093801443250E-01   4.8185518619736634E-03        5   2.5450000000000000E-01   1.5006870470500828E-02
     118   1.0158179527559054E+02   1.3698456841037715E-01   4.8821822579183105E-03        5   2.5450000000000000E-01   1.5210082944762681E-02
     119   1.0245001574803149E+02   1.3680275544303466E-01   4.7003692905758232E-03        5   2.5450000000000000E-01   1.5355099480067349E-02
     120   1.0331823622047243E+02   1.3640692958016340E-01   4.3045434277045602E-03        5   2.5450000000000000E-01   1.5412556876352762E-02
     121   1.0418645669291338E+02   1.3595375296700546E-01   3.8513668145466196E-03        5   2.5450000000000000E-01   1.5376052460958467E-02
     122   1.0505467716535432E+02   1.3553527449939595E-01   3.4328883469371130E-03        5   2.5450000000000000E-01   1.5264420730565945E-02
     123   1.0592289763779526E+02   1.3515724344661728E-01   3.0548572941584418E-03        5   2.5450000000000000E-01   1.5113717406708242E-02
     124   1.0679111811023621E+02   1.3489212350440566E-01   2.7897373519468194E-03       11   6.2875000000000003E-01   1.4988510184254086E-02
     125   1.0765933858267715E+02   1.3491502651154186E-01   2.8126403590830185E-03       11   6.2875000000000003E-01   1.5032794767268575E-02
     126   1.0852755905511810E+02   1.3533658557764439E-01   3.2341994251855466E-03        5   2.5450000000000000E-01   1.4836854749131191E-02
     127   1.0939577952755904E+02   1.3597999567389862E-01   3.8776095214397843E-03        5   2.5450000000000000E-01   1.4886141838273352E-02
     128   1.1026400000000000E+02   1.3648150724635660E-01   4.3791210938977643E-03        5   2.5450000000000000E-01   1.4999542320177833E-02
