# ialpha itau tau krylov_substeps krylov_halvings krylov_last_error krylov_max_h mask_norm_before mask_norm_inside mask_norm_outside mask_overlap_real field_max_abs_e_nir field_max_abs_e_xuv field_max_abs_e_total field_max_abs_a field_consistency_error field_a2_phase initial_energy initial_residual_norm timing_initialize_seconds timing_propagate_seconds timing_mask_seconds timing_project_seconds timing_total_seconds timing_synthesis_seconds
       1        1   0.0000000000000000E+00     2500        0   0.0000000000000000E+00   3.0209369160152155E+00   8.6592424310696148E-01   0.0000000000000000E+00   9.5438874459338852E-02  -3.7768572832625763E-01   3.6066581058745682E-02   4.3479208012200635E-02   4.3566776808499380E-02   6.0756920018960980E-01   1.1087051415836768E-15   1.1843489052284870E+01  -4.7635725344351537E-01   4.2807977948714979E-02   1.7430000000000000E-03   2.1294695300000001E+02   5.9000000000000004E-05   2.6766999999999999E-02   2.1297566699999999E+02   2.5000000000000001E-05
 
       1        2   8.6822047244094480E-01     2500        0   0.0000000000000000E+00   3.0327845624361265E+00   8.6340983435597785E-01   0.0000000000000000E+00   1.0060335371223533E-01  -3.7646331525728843E-01   3.6066581058745682E-02   4.3479644607856596E-02   4.3618501000302408E-02   6.0756920018960980E-01   1.1087051415836768E-15   1.1843485000961186E+01  -4.7635725344351537E-01   4.2807977948714979E-02   4.0000000000000003E-05   1.9228448000000000E+02   5.1000000000000000E-05   2.8328000000000002E-02   1.9231297300000000E+02   2.4000000000000001E-05
 
       1        3   1.7364409448818896E+00     2500        0   0.0000000000000000E+00   3.0357137551381363E+00   8.6314023558675301E-01   0.0000000000000000E+00   1.0646758197675010E-01  -3.7660480492429033E-01   3.6066581058745682E-02   4.3477818958661082E-02   4.3660749603045217E-02   6.0756920018960980E-01   1.1087051415836768E-15   1.1843478497032805E+01  -4.7635725344351537E-01   4.2807977948714979E-02   3.8999999999999999E-05   2.1171257000000003E+02   5.8000000000000007E-05   2.5795999999999999E-02   2.1173854900000001E+02   2.3000000000000000E-05
 
       1        4   2.6046614173228346E+00     2500        0   0.0000000000000000E+00   3.0361849491025508E+00   8.6447407742425042E-01   0.0000000000000000E+00   1.1233096239648106E-01  -3.7769251031988410E-01   3.6066581058745682E-02   4.3480619685835990E-02   4.3708266431673456E-02   6.0756920018960980E-01   1.1087051415836768E-15   1.1843468868841182E+01  -4.7635725344351537E-01   4.2807977948714979E-02   4.0000000000000003E-05   2.0944452400000000E+02   5.1000000000000000E-05   2.4958999999999999E-02   2.0946965200000000E+02   2.4000000000000001E-05
 
       1        5   3.4728818897637792E+00     2500        0   0.0000000000000000E+00   3.0445967455079108E+00   8.6640675004996570E-01   0.0000000000000000E+00   1.1754540576273551E-01  -3.7930391200078573E-01   3.6066581058745682E-02   4.3480791359962440E-02   4.3779883012562235E-02   6.0756920018960980E-01   1.1087051415836768E-15   1.1843455400496488E+01  -4.7635725344351537E-01   4.2807977948714979E-02   4.1999999999999998E-05   2.1737529199999997E+02   5.1999999999999990E-05   2.6114999999999996E-02   2.1740157700000000E+02   2.1999999999999999E-05
 
       1        6   4.3411023622047242E+00     2500        0   0.0000000000000000E+00   3.0510375796504627E+00   8.6799225526646084E-01   0.0000000000000000E+00   1.2161765830716192E-01  -3.8126508975095486E-01   3.6066581058745682E-02   4.3474623662884022E-02   4.3843270797017032E-02   6.0756920018960980E-01   1.1097893437561623E-15   1.1843437314341376E+01  -4.7635725344351537E-01   4.2807977948714979E-02   4.1999999999999998E-05   2.1593428600000001E+02   5.7999999999999994E-05   3.0739999999999996E-02   2.1596521100000001E+02   3.6999999999999998E-05
 
       1        7   5.2093228346456693E+00     2500        0   0.0000000000000000E+00   3.0435154706464136E+00   8.6898586839817127E-01   0.0000000000000000E+00   1.2419353218575489E-01  -3.8369044940466795E-01   3.6066581058745682E-02   4.3480920717011734E-02   4.3926463570646786E-02   6.0756920018960980E-01   1.1087051415836768E-15   1.1843413794140062E+01  -4.7635725344351537E-01   4.2807977948714979E-02   5.3000000000000001E-05   2.0325516200000001E+02   1.0399999999999999E-04   3.8043000000000000E-02   2.0329347400000000E+02   2.8000000000000000E-05
 
       1        8   6.0775433070866134E+00     2500        0   0.0000000000000000E+00   3.0343804166499777E+00   8.6973643326249617E-01   0.0000000000000000E+00   1.2504030860080850E-01  -3.8656084104606842E-01   3.6066581058745682E-02   4.3480829469834816E-02   4.4021139803767262E-02   6.0756920018960980E-01   1.1087051415836768E-15   1.1843383995302702E+01  -4.7635725344351537E-01   4.2807977948714979E-02   5.1000000000000000E-05   1.7515976000000001E+02   4.9999999999999996E-05   2.5971999999999999E-02   1.7518593799999999E+02   2.0999999999999999E-05
 
       1        9   6.9457637795275584E+00     2500        0   0.0000000000000000E+00   3.0385282469083532E+00   8.7036614422065883E-01   0.0000000000000000E+00   1.2411764117183974E-01  -3.8945751371235843E-01   3.6066581058745682E-02   4.3476960553693510E-02   4.4108116394058122E-02   6.0756920018960980E-01   1.1087051415836768E-15   1.1843347029769692E+01  -4.7635725344351537E-01   4.2807977948714979E-02   3.8999999999999999E-05   2.0712692600000000E+02   5.6000000000000006E-05   2.6845999999999998E-02   2.0715393599999999E+02   3.1000000000000001E-05
 
       1       10   7.8139842519685034E+00     2500        0   0.0000000000000000E+00   3.0449544450040418E+00   8.7053235716331834E-01   0.0000000000000000E+00   1.2162315586036229E-01  -3.9191823467743081E-01   3.6066581058745682E-02   4.3480112631949189E-02   4.4228774031142240E-02   6.0756920018960980E-01   1.1087051415836768E-15   1.1843302004651679E+01  -4.7635725344351537E-01   4.2807977948714979E-02   4.1999999999999998E-05   2.2178682300000000E+02   5.6999999999999996E-05   2.9985999999999999E-02   2.2181703300000001E+02   2.4000000000000001E-05
 
       1       11   8.6822047244094485E+00     2500        0   0.0000000000000000E+00   3.0417618353961027E+00   8.7005502910530563E-01   0.0000000000000000E+00   1.1792594601195935E-01  -3.9382797055163443E-01   3.6066581058745682E-02   4.3479757399686368E-02   4.4347375467491609E-02   6.0756920018960980E-01   1.1087051415836768E-15   1.1843248012225276E+01  -4.7635725344351537E-01   4.2807977948714979E-02   4.1000000000000000E-05   2.5849280999999996E+02   5.3000000000000008E-05   2.8715000000000001E-02   2.5852170000000001E+02   2.5000000000000001E-05
 
       1       12   9.5504251968503944E+00     2500        0   0.0000000000000000E+00   3.0358140236403095E+00   8.6929178364202409E-01   0.0000000000000000E+00   1.1345871958823885E-01  -3.9529159546093157E-01   3.6066581058745682E-02   4.3479382853058392E-02   4.4465864535767521E-02   6.0756920018960980E-01   1.1087051415836768E-15   1.1843184129995045E+01  -4.7635725344351537E-01   4.2807977948714979E-02   4.1999999999999998E-05   2.6958483600000000E+02   5.1999999999999990E-05   2.6257999999999997E-02   2.6961126500000000E+02   2.4000000000000001E-05
 
       1       13   1.0418645669291339E+01     2500        0   0.0000000000000000E+00   3.0324323101805879E+00   8.6881021180177243E-01   0.0000000000000000E+00   1.0867155290724731E-01  -3.9633851409083870E-01   3.6066581058745682E-02   4.3479795119868075E-02   4.4615283577843237E-02   6.0756920018960980E-01   1.1087051415836768E-15   1.1843109463920491E+01  -4.7635725344351537E-01   4.2807977948714979E-02   4.0000000000000003E-05   2.6366751400000004E+02   5.1999999999999997E-05   2.6019000000000000E-02   2.6369370199999997E+02   2.4000000000000001E-05
 
       1       14   1.1286866141732284E+01     2500        0   0.0000000000000000E+00   3.0278869795971857E+00   8.6899607951997848E-01   0.0000000000000000E+00   1.0402527432500409E-01  -3.9686266182853713E-01   3.6066581058745682E-02   4.3477573649605257E-02   4.4756130642513228E-02   6.0756920018960980E-01   1.1087051415836768E-15   1.1843023119079895E+01  -4.7635725344351537E-01   4.2807977948714979E-02   3.8999999999999999E-05   2.0908375400000000E+02   8.7999999999999998E-05   2.6196999999999998E-02   2.0911015699999999E+02   2.3000000000000000E-05
 
       1       15   1.2155086614173227E+01     2500        0   0.0000000000000000E+00   3.0216967782149236E+00   8.6990065836467945E-01   0.0000000000000000E+00   9.9951144335089032E-02  -3.9668040154432910E-01   3.6066581058745682E-02   4.3480693155831245E-02   4.4909084704271698E-02   6.0756920018960980E-01   1.1091388224526710E-15   1.1842924224460454E+01  -4.7635725344351537E-01   4.2807977948714979E-02   3.6999999999999998E-05   2.3537843699999999E+02   5.4000000000000005E-05   2.8628999999999998E-02   2.3540722800000000E+02   3.6999999999999998E-05
 
       1       16   1.3023307086614173E+01     2500        0   0.0000000000000000E+00   3.0204924958620136E+00   8.7117457218127803E-01   0.0000000000000000E+00   9.6790702696517447E-02  -3.9563096702658984E-01   3.6066581058745682E-02   4.3480840810559376E-02   4.5078146141672111E-02   6.0756920018960980E-01   1.1087051415836768E-15   1.1842811963171879E+01  -4.7635725344351537E-01   4.2807977948714979E-02   4.3999999999999999E-05   1.6561740400000002E+02   4.6999999999999997E-05   2.4614000000000000E-02   1.6564221300000000E+02   2.4000000000000001E-05
 
       1       17   1.3891527559055117E+01     2500        0   0.0000000000000000E+00   3.0221136993498527E+00   8.7229719503730108E-01   0.0000000000000000E+00   9.4767008291221227E-02  -3.9378777822235522E-01   3.6066581058745682E-02   4.3474276757646417E-02   4.5236902325733609E-02   6.0756920018960980E-01   1.1087051415836768E-15   1.1842685537099040E+01  -4.7635725344351537E-01   4.2807977948714979E-02   4.3999999999999999E-05   3.8856627000000003E+01   5.1000000000000000E-05   2.5134000000000000E-02   3.8881934999999999E+01   2.8000000000000000E-05
 
       1       18   1.4759748031496061E+01     2500        0   0.0000000000000000E+00   3.0180809346582684E+00   8.7309599632162560E-01   0.0000000000000000E+00   9.3984895645833538E-02  -3.9150898949562662E-01   3.6066581058745682E-02   4.3480892953790991E-02   4.5418799309200369E-02   6.0756920018960980E-01   1.1087051415836768E-15   1.1842544215796888E+01  -4.7635725344351537E-01   4.2807977948714979E-02   5.3999999999999998E-05   3.3730674999999991E+01   4.5000000000000003E-05   2.5995000000000004E-02   3.3756844000000001E+01   3.3000000000000003E-05
 
       1       19   1.5627968503937007E+01     2500        0   0.0000000000000000E+00   3.0133802848864457E+00   8.7380595743268497E-01   0.0000000000000000E+00   9.4450268386510522E-02  -3.8911106406329249E-01   3.6066581058745682E-02   4.3480777717178648E-02   4.5601385178461275E-02   6.0756920018960980E-01   1.1091930325612953E-15   1.1842387338721942E+01  -4.7635725344351537E-01   4.2807977948714979E-02   5.1000000000000000E-05   3.8395876000000001E+01   5.0000000000000002E-05   2.6253000000000002E-02   3.8422353000000001E+01   2.0999999999999999E-05
 
       1       20   1.6496188976377955E+01     2500        0   0.0000000000000000E+00   3.0185664187307881E+00   8.7445884034806676E-01   0.0000000000000000E+00   9.6093066359915519E-02  -3.8661705132183199E-01   3.6066581058745682E-02   4.3477227635222375E-02   4.5771221641557322E-02   6.0756920018960980E-01   1.1087051415836768E-15   1.1842214292086119E+01  -4.7635725344351537E-01   4.2807977948714979E-02   3.6999999999999998E-05   3.4235847999999997E+01   3.8999999999999993E-05   2.4403000000000001E-02   3.4260409000000003E+01   2.0999999999999999E-05
 
       1       21   1.7364409448818897E+01     2500        0   0.0000000000000000E+00   3.0275755176536889E+00   8.7459089591459438E-01   0.0000000000000000E+00   9.8754863357624151E-02  -3.8400458560691408E-01   3.6066581058745682E-02   4.3479983776611796E-02   4.5973665070246597E-02   6.0756920018960980E-01   1.1095725033216652E-15   1.1842024571508961E+01  -4.7635725344351537E-01   4.2807977948714979E-02   3.8000000000000002E-05   3.7425210000000000E+01   5.3999999999999998E-05   2.7424000000000000E-02   3.7452807999999997E+01   2.0999999999999999E-05
 
       1       22   1.8232629921259843E+01     2500        0   0.0000000000000000E+00   3.0289055963657985E+00   8.7377404222424149E-01   0.0000000000000000E+00   1.0216498656992239E-01  -3.8153025148496922E-01   3.6066581058745682E-02   4.3479604305389566E-02   4.6161129544438129E-02   6.0756920018960980E-01   1.1087051415836768E-15   1.1841817750775490E+01  -4.7635725344351537E-01   4.2807977948714979E-02   3.6000000000000001E-05   9.5459764000000007E+01   4.8999999999999992E-05   2.8391000000000000E-02   9.5488322999999994E+01   2.3000000000000000E-05
 
       1       23   1.9100850393700789E+01     2500        0   0.0000000000000000E+00   3.0277717147777645E+00   8.7211521088831612E-01   0.0000000000000000E+00   1.0598198668283230E-01  -3.7960770186650966E-01   3.6066581058745682E-02   4.3479548441635672E-02   4.6344619087689803E-02   6.0756920018960980E-01   1.1087051415836768E-15   1.1841593486524705E+01  -4.7635725344351537E-01   4.2807977948714979E-02   4.0000000000000003E-05   1.5202309199999999E+02   6.3000000000000000E-05   2.5604999999999999E-02   1.5204887800000000E+02   2.3000000000000000E-05
 
       1       24   1.9969070866141735E+01     2500        0   0.0000000000000000E+00   3.0333045949871051E+00   8.7008357352050159E-01   0.0000000000000000E+00   1.0988373719735135E-01  -3.7851832243514100E-01   3.6066581058745682E-02   4.3479936419409455E-02   4.6544849627266072E-02   6.0756920018960980E-01   1.1087051415836768E-15   1.1841351576345673E+01  -4.7635725344351537E-01   4.2807977948714979E-02   4.5000000000000003E-05   2.2668162900000002E+02   5.1000000000000000E-05   2.6272000000000000E-02   2.2670807600000001E+02   2.3000000000000000E-05
 
       1       25   2.0837291338582677E+01     2500        0   0.0000000000000000E+00   3.0402384675839569E+00   8.6814698114731370E-01   0.0000000000000000E+00   1.1357974981232478E-01  -3.7836257429620168E-01   3.6066581058745682E-02   4.3477319078739730E-02   4.6726286512266062E-02   6.0756920018960980E-01   1.1087051415836768E-15   1.1841091902112696E+01  -4.7635725344351537E-01   4.2807977948714979E-02   4.0000000000000003E-05   7.3463783000000006E+01   6.7000000000000002E-05   2.4541000000000000E-02   7.3488506000000001E+01   2.0999999999999999E-05
 
       1       26   2.1705511811023623E+01     2500        0   0.0000000000000000E+00   3.0422337302463029E+00   8.6661612431450041E-01   0.0000000000000000E+00   1.1674910373962830E-01  -3.7910184125235807E-01   3.6066581058745682E-02   4.3480757385958302E-02   4.6911182533642175E-02   6.0756920018960980E-01   1.1093556628871681E-15   1.1840814470455626E+01  -4.7635725344351537E-01   4.2807977948714979E-02   3.8000000000000002E-05   1.4300170400000002E+02   5.1999999999999997E-05   2.6283999999999995E-02   1.4302815400000000E+02   2.3000000000000000E-05
 
       1       27   2.2573732283464569E+01     2500        0   0.0000000000000000E+00   3.0436159340093405E+00   8.6555411185365927E-01   0.0000000000000000E+00   1.1906003328607487E-01  -3.8056258798334042E-01   3.6066581058745682E-02   4.3480881035605434E-02   4.7096990666147392E-02   6.0756920018960980E-01   1.1087051415836768E-15   1.1840519442451086E+01  -4.7635725344351537E-01   4.2807977948714979E-02   3.8000000000000002E-05   2.1696835099999998E+02   5.3000000000000001E-05   3.0073000000000003E-02   2.1699859699999999E+02   2.5999999999999998E-05
 
       1       28   2.3441952755905511E+01     2500        0   0.0000000000000000E+00   3.0450226426293616E+00   8.6489407040694266E-01   0.0000000000000000E+00   1.2030142903982494E-01  -3.8256531823836337E-01   3.6066581058745682E-02   4.3474152939875270E-02   4.7259635437537688E-02   6.0756920018960980E-01   1.1087051415836768E-15   1.1840207074804770E+01  -4.7635725344351537E-01   4.2807977948714979E-02   4.0000000000000003E-05   2.3914538700000000E+02   5.6000000000000006E-05   2.5514000000000002E-02   2.3917107300000001E+02   2.3000000000000000E-05
 
       1       29   2.4310173228346454E+01     2500        0   0.0000000000000000E+00   3.0422129745767563E+00   8.6483256207751957E-01   0.0000000000000000E+00   1.2044793066200021E-01  -3.8504099907768158E-01   3.6066581058745682E-02   4.3480855963429613E-02   4.7431896310820898E-02   6.0756920018960980E-01   1.1087051415836768E-15   1.1839877789101717E+01  -4.7635725344351537E-01   4.2807977948714979E-02   3.8999999999999999E-05   1.2921224500000002E+02   1.7200000000000003E-04   2.2856800000000002E-01   1.2944110400000000E+02   2.3000000000000000E-05
 
       1       30   2.5178393700787399E+01     2500        0   0.0000000000000000E+00   3.0404999177188365E+00   8.6581908640899397E-01   0.0000000000000000E+00   1.1956983979405789E-01  -3.8782860480452130E-01   3.6066581058745682E-02   4.3480716726205258E-02   4.7589553993335393E-02   6.0756920018960980E-01   1.1087051415836768E-15   1.1839532157101457E+01  -4.7635725344351537E-01   4.2807977948714979E-02   4.0000000000000003E-05   1.3696592399999997E+02   5.1999999999999997E-05   2.8646999999999999E-02   1.3699474799999999E+02   2.1999999999999999E-05
 
       1       31   2.6046614173228345E+01     2500        0   0.0000000000000000E+00   3.0463503455021081E+00   8.6789648595756741E-01   0.0000000000000000E+00   1.1774190869502191E-01  -3.9045931305183057E-01   3.6066581058745682E-02   4.3477485453464852E-02   4.7719306850862182E-02   6.0756920018960980E-01   1.1093556628871681E-15   1.1839170864793106E+01  -4.7635725344351537E-01   4.2807977948714979E-02   3.8999999999999999E-05   1.3802375600000002E+02   5.5000000000000002E-05   2.9818999999999998E-02   1.3805375900000001E+02   3.6000000000000001E-05
 
       1       32   2.6914834645669288E+01     2500        0   0.0000000000000000E+00   3.0490206265674780E+00   8.7042343581556902E-01   0.0000000000000000E+00   1.1507428874325917E-01  -3.9239178734897734E-01   3.6066581058745682E-02   4.3479845707175835E-02   4.7863688582343161E-02   6.0756920018960980E-01   1.1087051415836768E-15   1.1838794792879757E+01  -4.7635725344351537E-01   4.2807977948714979E-02   4.8000000000000001E-05   1.6577668599999998E+02   5.3000000000000008E-05   3.0744000000000000E-02   1.6580763200000001E+02   2.0999999999999999E-05
 
       1       33   2.7783055118110234E+01     2500        0   0.0000000000000000E+00   3.0367105908629446E+00   8.7270427577639742E-01   0.0000000000000000E+00   1.1178897754322083E-01  -3.9337308709499086E-01   3.6066581058745682E-02   4.3479441960324397E-02   4.7978543311543581E-02   6.0756920018960980E-01   1.1087051415836768E-15   1.1838404955743457E+01  -4.7635725344351537E-01   4.2807977948714979E-02   3.8000000000000002E-05   2.2470149400000003E+02   5.2999999999999987E-05   3.2466000000000002E-02   2.2473412300000001E+02   2.5999999999999998E-05
 
       1       34   2.8651275590551180E+01     2500        0   0.0000000000000000E+00   3.0225197183596655E+00   8.7451543437710655E-01   0.0000000000000000E+00   1.0822893227972341E-01  -3.9340239230739737E-01   3.6066581058745682E-02   4.3479704779051651E-02   4.8068198775487271E-02   6.0756920018960980E-01   1.1087051415836768E-15   1.1838002506833943E+01  -4.7635725344351537E-01   4.2807977948714979E-02   4.3000000000000002E-05   2.0846618500000002E+02   4.9999999999999996E-05   2.9994999999999997E-02   2.0849635699999999E+02   2.0999999999999999E-05
 
       1       35   2.9519496062992122E+01     2500        0   0.0000000000000000E+00   3.0225606181125366E+00   8.7586229196486154E-01   0.0000000000000000E+00   1.0478280827985825E-01  -3.9251640990383430E-01   3.6066581058745682E-02   4.3480068505274583E-02   4.8161342895374423E-02   6.0756920018960980E-01   1.1087051415836768E-15   1.1837588804576907E+01  -4.7635725344351537E-01   4.2807977948714979E-02   3.8000000000000002E-05   1.2494364299999999E+02   5.2999999999999994E-05   3.4763999999999996E-02   1.2497857900000000E+02   3.4999999999999997E-05
 
       1       36   3.0387716535433068E+01     2500        0   0.0000000000000000E+00   3.0268235017129217E+00   8.7664699324126549E-01   0.0000000000000000E+00   1.0179034382458416E-01  -3.9078268006060618E-01   3.6066581058745682E-02   4.3477055244970655E-02   4.8218497992804837E-02   6.0756920018960980E-01   1.1102230246251565E-15   1.1837165321314998E+01  -4.7635725344351537E-01   4.2807977948714979E-02   5.1000000000000000E-05   1.4063947600000000E+02   5.6000000000000006E-05   2.7618999999999998E-02   1.4066730999999999E+02   2.4000000000000001E-05
 
       1       37   3.1255937007874014E+01     2500        0   0.0000000000000000E+00   3.0211447092356098E+00   8.7671731246209450E-01   0.0000000000000000E+00   9.9504502779447460E-02  -3.8834944124982157E-01   3.6066581058745682E-02   4.3480812377365070E-02   4.8253974772084575E-02   6.0756920018960980E-01   1.1102230246251565E-15   1.1836733696031310E+01  -4.7635725344351537E-01   4.2807977948714979E-02   4.1999999999999998E-05   1.4381015699999998E+02   5.3999999999999998E-05   2.6936999999999999E-02   1.4383728800000000E+02   2.1999999999999999E-05
 
       1       38   3.2124157480314963E+01     2500        0   0.0000000000000000E+00   3.0155011362208279E+00   8.7595604172859443E-01   0.0000000000000000E+00   9.8116258288376404E-02  -3.8543249959106979E-01   3.6066581058745682E-02   4.3480912033923097E-02   4.8279646701403188E-02   6.0756920018960980E-01   1.1102230246251565E-15   1.1836295755899824E+01  -4.7635725344351537E-01   4.2807977948714979E-02   4.0000000000000003E-05   1.4127157099999999E+02   5.4000000000000005E-05   2.7711000000000003E-02   1.4129945300000000E+02   2.1999999999999999E-05
 
       1       39   3.2992377952755909E+01     2500        0   0.0000000000000000E+00   3.0194710294969624E+00   8.7436502766778024E-01   0.0000000000000000E+00   9.7766400894661987E-02  -3.8237747248152582E-01   3.6066581058745682E-02   4.3474503096262926E-02   4.8264700959252144E-02   6.0756920018960980E-01   1.1102230246251565E-15   1.1835853429080538E+01  -4.7635725344351537E-01   4.2807977948714979E-02   3.6999999999999998E-05   1.2958669300000000E+02   4.9999999999999996E-05   2.7222000000000000E-02   1.2961408100000000E+02   3.4999999999999997E-05
 
       1       40   3.3860598425196855E+01     2500        0   0.0000000000000000E+00   3.0243244910470115E+00   8.7225987839173724E-01   0.0000000000000000E+00   9.8481263852706502E-02  -3.7966354191736101E-01   3.6066581058745682E-02   4.3480809747104228E-02   4.8231127096176468E-02   6.0756920018960980E-01   1.1102230246251565E-15   1.1835408831141947E+01  -4.7635725344351537E-01   4.2807977948714979E-02   5.1000000000000000E-05   1.4364496399999999E+02   6.0000000000000002E-05   3.1039999999999998E-02   1.4367622100000000E+02   2.1999999999999999E-05
 
       1       41   3.4728818897637794E+01     2500        0   0.0000000000000000E+00   3.0257416607972858E+00   8.7018423585525739E-01   0.0000000000000000E+00   1.0013130744450000E-01  -3.7766588171821236E-01   3.6066581058745682E-02   4.3480646495765808E-02   4.8175690984154244E-02   6.0756920018960980E-01   1.1087051415836768E-15   1.1834964225952323E+01  -4.7635725344351537E-01   4.2807977948714979E-02   4.6999999999999997E-05   1.4294748500000000E+02   5.9000000000000004E-05   3.0193000000000001E-02   1.4297786400000001E+02   3.6000000000000001E-05
 
       1       42   3.5597039370078740E+01     2500        0   0.0000000000000000E+00   3.0318458027826969E+00   8.6851531993165676E-01   0.0000000000000000E+00   1.0251443741764940E-01  -3.7647604771819959E-01   3.6066581058745682E-02   4.3477734009513817E-02   4.8075507454844069E-02   6.0756920018960980E-01   1.1087051415836768E-15   1.1834521974301907E+01  -4.7635725344351537E-01   4.2807977948714979E-02   4.6999999999999997E-05   1.4129351799999998E+02   5.7999999999999994E-05   3.0277999999999999E-02   1.4132400999999999E+02   3.6000000000000001E-05
 
       1       43   3.6465259842519686E+01     2500        0   0.0000000000000000E+00   3.0398593552366702E+00   8.6736584005230677E-01   0.0000000000000000E+00   1.0544065179264367E-01  -3.7603579021542044E-01   3.6066581058745682E-02   4.3479698424846627E-02   4.7959624111359400E-02   6.0756920018960980E-01   1.1087051415836768E-15   1.1834084629078870E+01  -4.7635725344351537E-01   4.2807977948714979E-02   5.3000000000000001E-05   1.1754221100000001E+02   5.7000000000000003E-05   2.6569000000000002E-02   1.1756902300000000E+02   2.1999999999999999E-05
 
       1       44   3.7333480314960632E+01     2500        0   0.0000000000000000E+00   3.0419158147440406E+00   8.6682296191982977E-01   0.0000000000000000E+00   1.0868018056921253E-01  -3.7628829866816926E-01   3.6066581058745682E-02   4.3479270363370820E-02   4.7811226012470620E-02   6.0756920018960980E-01   1.1087051415836768E-15   1.1833654838058848E+01  -4.7635725344351537E-01   4.2807977948714979E-02   3.8999999999999999E-05   2.6980555000000003E+01   5.3000000000000008E-05   2.6970999999999998E-02   2.7007721000000000E+01   2.3000000000000000E-05
 
       1       45   3.8201700787401577E+01     2500        0   0.0000000000000000E+00   3.0435855363308337E+00   8.6697636364404285E-01   0.0000000000000000E+00   1.1191699910222673E-01  -3.7710992148012551E-01   3.6066581058745682E-02   4.3479851866427985E-02   4.7614697508737792E-02   6.0909401880703962E-01   1.1087051415836768E-15   1.1833235349621949E+01  -4.7635725344351537E-01   4.2807977948714979E-02   4.0000000000000003E-05   2.6117079999999998E+01   5.1999999999999997E-05   2.8662000000000000E-02   2.6145928999999999E+01   2.0999999999999999E-05
 
       1       46   3.9069921259842523E+01     2500        0   0.0000000000000000E+00   3.0478540439175656E+00   8.6775738434569050E-01   0.0000000000000000E+00   1.1483799948148063E-01  -3.7826363677425379E-01   3.6066581058745682E-02   4.3480191376259844E-02   4.7405660360337852E-02   6.1211488881887555E-01   1.1087051415836768E-15   1.1832829082856261E+01  -4.7635725344351537E-01   4.2807977948714979E-02   4.0000000000000003E-05   2.6050535000000004E+01   4.8999999999999998E-05   2.5789999999999997E-02   2.6076497000000000E+01   2.9000000000000000E-05
 
       1       47   3.9938141732283469E+01     2500        0   0.0000000000000000E+00   3.0460208254811301E+00   8.6898027995468208E-01   0.0000000000000000E+00   1.1722008768874820E-01  -3.7950552033863705E-01   3.6066581058745682E-02   4.3476782147206849E-02   4.7154972717963886E-02   6.1486889525568911E-01   1.1102230246251565E-15   1.1832438998276780E+01  -4.7635725344351537E-01   4.2807977948714979E-02   4.3999999999999999E-05   2.7506964000000000E+01   5.1999999999999997E-05   2.7830999999999998E-02   2.7535000000000000E+01   3.3000000000000003E-05
 
       1       48   4.0806362204724408E+01     2500        0   0.0000000000000000E+00   3.0414142215207312E+00   8.7045690956156219E-01   0.0000000000000000E+00   1.1889561107518987E-01  -3.8065097172437784E-01   3.6066581058745682E-02   4.3480858131202088E-02   4.6853750618504594E-02   6.1732666863366970E-01   1.1087051415836768E-15   1.1832068163940820E+01  -4.7635725344351537E-01   4.2807977948714979E-02   8.3999999999999995E-05   2.6828262999999996E+01   4.7999999999999994E-05   2.7449999999999999E-02   2.6855930000000001E+01   2.1999999999999999E-05
 
       1       49   4.1674582677165354E+01     2500        0   0.0000000000000000E+00   3.0438557127801653E+00   8.7195186384777745E-01   0.0000000000000000E+00   1.1969764580346216E-01  -3.8155453820821639E-01   3.6066581058745682E-02   4.3480933804337395E-02   4.6543880502070208E-02   6.1945859142546678E-01   1.1087051415836768E-15   1.1831719764954716E+01  -4.7635725344351537E-01   4.2807977948714979E-02   4.0000000000000003E-05   2.6040535999999999E+01   5.3999999999999998E-05   2.8510999999999998E-02   2.6069244999999999E+01   2.1999999999999999E-05
 
       1       50   4.2542803149606300E+01     2500        0   0.0000000000000000E+00   3.0444327233678705E+00   8.7317264941693695E-01   0.0000000000000000E+00   1.1949056567791230E-01  -3.8213532541319511E-01   3.6066581058745682E-02   4.3474843979686414E-02   4.6184787560087745E-02   6.2123491704159806E-01   1.1087051415836768E-15   1.1831396987415136E+01  -4.7635725344351537E-01   4.2807977948714979E-02   3.6999999999999998E-05   2.6064969999999999E+01   4.9000000000000005E-05   2.6182000000000000E-02   2.6091329000000002E+01   2.1999999999999999E-05
 
       1       51   4.3411023622047246E+01     2500        0   0.0000000000000000E+00   3.0333540190892614E+00   8.7389725668626372E-01   0.0000000000000000E+00   1.1823260551744780E-01  -3.8241644003918640E-01   3.6066581058745682E-02   4.3480754305994074E-02   4.5777455057278357E-02   6.2262589830963289E-01   1.1087051415836768E-15   1.1831103123851934E+01  -4.7635725344351537E-01   4.2807977948714979E-02   3.8999999999999999E-05   2.6004704999999998E+01   5.3999999999999991E-05   2.7806999999999998E-02   2.6032684000000000E+01   3.4000000000000000E-05
 
       1       52   4.4279244094488192E+01     2500        0   0.0000000000000000E+00   3.0253049619160981E+00   8.7404076576687972E-01   0.0000000000000000E+00   1.1599326701320965E-01  -3.8248854820248485E-01   3.6066581058745682E-02   4.3480567024714124E-02   4.5359389080765380E-02   6.2360191759938477E-01   1.1093556628871681E-15   1.1830841506361935E+01  -4.7635725344351537E-01   4.2807977948714979E-02   4.6999999999999997E-05   2.6146983000000006E+01   4.9999999999999996E-05   2.7913999999999998E-02   2.6175077999999999E+01   3.0000000000000001E-05
 
       1       53   4.5147464566929138E+01     2500        0   0.0000000000000000E+00   3.0330802150716658E+00   8.7361656576570590E-01   0.0000000000000000E+00   1.1294212465679755E-01  -3.8244930230651464E-01   3.6066581058745682E-02   4.3477973304464776E-02   4.4889581117546512E-02   6.2413361819072988E-01   1.1102230246251565E-15   1.1830615442726337E+01  -4.7635725344351537E-01   4.2807977948714979E-02   4.1000000000000000E-05   2.6721122000000001E+01   5.3000000000000001E-05   2.7802000000000000E-02   2.6749117999999999E+01   2.3000000000000000E-05
 
       1       54   4.6015685039370084E+01     2500        0   0.0000000000000000E+00   3.0399081465663560E+00   8.7274718884176106E-01   0.0000000000000000E+00   1.0933657699558474E-01  -3.8237208432027464E-01   3.6066581058745682E-02   4.3479541930832061E-02   4.4377378646568592E-02   6.2419204366749648E-01   1.1084883011491797E-15   1.1830428328033207E+01  -4.7635725344351537E-01   4.2807977948714979E-02   3.8000000000000002E-05   2.6409383000000002E+01   5.3000000000000001E-05   2.6240999999999997E-02   2.6435796000000000E+01   2.9000000000000000E-05
 
       1       55   4.6883905511811022E+01     2500        0   0.0000000000000000E+00   3.0296423626105344E+00   8.7166932182176071E-01   0.0000000000000000E+00   1.0550655666702760E-01  -3.8228054372370024E-01   3.6066581058745682E-02   4.3479089513411465E-02   4.3849450223031654E-02   6.2374877496855763E-01   1.1102230246251565E-15   1.1830283509813864E+01  -4.7635725344351537E-01   4.2807977948714979E-02   3.8999999999999999E-05   2.6730599999999999E+01   5.5000000000000002E-05   2.7199000000000001E-02   2.6757981999999998E+01   3.1999999999999999E-05
 
       1       56   4.7752125984251968E+01     2500        0   0.0000000000000000E+00   3.0161802783075249E+00   8.7063221937932256E-01   0.0000000000000000E+00   1.0185858290938313E-01  -3.8212306983955385E-01   3.6066581058745682E-02   4.3479989704889109E-02   4.3270897018765700E-02   6.2278080648191037E-01   1.1084883011491797E-15   1.1830184299834976E+01  -4.7635725344351537E-01   4.2807977948714979E-02   4.8000000000000001E-05   2.7061128000000000E+01   4.8000000000000001E-05   2.6322999999999999E-02   2.7087650000000000E+01   2.3000000000000000E-05
 
       1       57   4.8620346456692907E+01     2500        0   0.0000000000000000E+00   3.0180088877839517E+00   8.6979848591631592E-01   0.0000000000000000E+00   9.8877203093422017E-02  -3.8179220555446963E-01   3.6066581058745682E-02   4.3480305031164276E-02   4.2657537575147286E-02   6.2126058396976414E-01   1.1102230246251565E-15   1.1830134049264245E+01  -4.7635725344351537E-01   4.2807977948714979E-02   5.8000000000000000E-05   2.5957960000000000E+01   5.1999999999999997E-05   2.7581000000000001E-02   2.5985741999999998E+01   2.3000000000000000E-05
 
       1       58   4.9488566929133853E+01     2500        0   0.0000000000000000E+00   3.0278401443006930E+00   8.6926860944718820E-01   0.0000000000000000E+00   9.7045005438279486E-02  -3.8120215201834401E-01   3.6066581058745682E-02   4.3476499784359801E-02   4.3004953582918788E-02   6.2232903168188247E-01   1.1084883011491797E-15   1.1830135983348633E+01  -4.7635725344351537E-01   4.2807977948714979E-02   3.8999999999999999E-05   2.5798856999999998E+01   5.3999999999999998E-05   2.7528999999999998E-02   2.5826556000000000E+01   2.4000000000000001E-05
 
       1       59   5.0356787401574799E+01     2500        0   0.0000000000000000E+00   3.0284048770988452E+00   8.6914472917886265E-01   0.0000000000000000E+00   9.6688806564825369E-02  -3.8033473812182161E-01   3.6066581058745682E-02   4.3480894648622481E-02   4.3571020169707757E-02   6.2340780069549973E-01   1.1102230246251565E-15   1.1830193287802597E+01  -4.7635725344351537E-01   4.2807977948714979E-02   4.3999999999999999E-05   2.5280941000000006E+01   5.1000000000000013E-05   2.8172999999999993E-02   2.5309287999999999E+01   2.1999999999999999E-05
 
       1       60   5.1225007874015745E+01     2500        0   0.0000000000000000E+00   3.0221658069617243E+00   8.6948162481628255E-01   0.0000000000000000E+00   9.7886886552439267E-02  -3.7921777877062401E-01   3.6066581058745682E-02   4.3480946345676050E-02   4.4167711347687412E-02   6.2404828475043472E-01   1.1084883011491797E-15   1.1830309106855145E+01  -4.7635725344351537E-01   4.2807977948714979E-02   3.8999999999999999E-05   2.6203491000000000E+01   5.1000000000000006E-05   2.6359000000000000E-02   2.6230017000000000E+01   2.0999999999999999E-05
 
       1       61   5.2093228346456691E+01     2500        0   0.0000000000000000E+00   3.0222300707750289E+00   8.7020153359589247E-01   0.0000000000000000E+00   1.0048856930005151E-01  -3.7792821888203143E-01   3.6066581058745682E-02   4.3475175591215005E-02   4.4813613583858762E-02   6.2422172134050713E-01   1.1084883011491797E-15   1.1830486404588637E+01  -4.7635725344351537E-01   4.2807977948714979E-02   3.6999999999999998E-05   2.6236330000000002E+01   5.0000000000000002E-05   2.5845000000000000E-02   2.6262340999999999E+01   3.1000000000000001E-05
 
       1       62   5.2961448818897630E+01     2500        0   0.0000000000000000E+00   3.0294965064140733E+00   8.7112852774663818E-01   0.0000000000000000E+00   1.0416075556834556E-01  -3.7662768264846708E-01   3.6066581058745682E-02   4.3480689641281017E-02   4.5473649881307150E-02   6.2389985398370840E-01   1.1084883011491797E-15   1.1830728095987018E+01  -4.7635725344351537E-01   4.2807977948714979E-02   6.3999999999999997E-05   2.6597015999999996E+01   5.1999999999999997E-05   2.7660999999999998E-02   2.6624870999999999E+01   2.1999999999999999E-05
 
       1       63   5.3829669291338575E+01     2500        0   0.0000000000000000E+00   3.0353843617788829E+00   8.7203126751777860E-01   0.0000000000000000E+00   1.0840379381802553E-01  -3.7551956231904637E-01   3.6066581058745682E-02   4.3480478311906615E-02   4.6178655441716787E-02   6.2306311877586873E-01   1.1084883011491797E-15   1.1831036953992079E+01  -4.7635725344351537E-01   4.2807977948714979E-02   4.0000000000000003E-05   2.6296079000000002E+01   4.6999999999999997E-05   2.7177000000000000E-02   2.6323422999999998E+01   2.1999999999999999E-05
 
       1       64   5.4697889763779521E+01     2500        0   0.0000000000000000E+00   3.0342907042485954E+00   8.7259853100183693E-01   0.0000000000000000E+00   1.1260355992698398E-01  -3.7478778717839784E-01   3.6066581058745682E-02   4.3478203339415905E-02   4.6911586604484308E-02   6.2167971273562128E-01   1.1084883011491797E-15   1.1831415542676501E+01  -4.7635725344351537E-01   4.2807977948714979E-02   3.8000000000000002E-05   2.7540302000000001E+01   4.9000000000000005E-05   2.6276000000000001E-02   2.7566742000000001E+01   3.6000000000000001E-05
 
       1       65   5.5566110236220467E+01     2500        0   0.0000000000000000E+00   3.0261317566486765E+00   8.7256617860456465E-01   0.0000000000000000E+00   1.1615530800082173E-01  -3.7464705677778370E-01   3.6066581058745682E-02   4.3479376226342618E-02   4.7655012700015716E-02   6.1972261465793588E-01   1.1102230246251565E-15   1.1831866350548726E+01  -4.7635725344351537E-01   4.2807977948714979E-02   4.3999999999999999E-05   2.6273858000000004E+01   5.0000000000000002E-05   2.7473999999999998E-02   2.6301514000000001E+01   2.0999999999999999E-05
 
       1       66   5.6434330708661413E+01     2500        0   0.0000000000000000E+00   3.0215606996004700E+00   8.7196151220047891E-01   0.0000000000000000E+00   1.1858699710363324E-01  -3.7534742178634062E-01   3.6066581058745682E-02   4.3478899409331508E-02   4.8454412090656609E-02   6.1716693936231337E-01   1.1084883011491797E-15   1.1832391622580216E+01  -4.7635725344351537E-01   4.2807977948714979E-02   4.1999999999999998E-05   2.6530428000000001E+01   5.3999999999999998E-05   2.7965999999999998E-02   2.6558581000000000E+01   4.1000000000000000E-05
 
       1       67   5.7302551181102359E+01     2500        0   0.0000000000000000E+00   3.0321319293213023E+00   8.7106619383169070E-01   0.0000000000000000E+00   1.1964215904885039E-01  -3.7699221159822377E-01   3.6066581058745682E-02   4.3480118295561997E-02   4.9260097579204826E-02   6.1399781508880824E-01   1.1102230246251565E-15   1.1832993389239022E+01  -4.7635725344351537E-01   4.2807977948714979E-02   4.0000000000000003E-05   2.5851471999999998E+01   4.8000000000000001E-05   2.5340999999999999E-02   2.5876982999999999E+01   2.0999999999999999E-05
 
       1       68   5.8170771653543305E+01     2500        0   0.0000000000000000E+00   3.0446636923685784E+00   8.7015338141172871E-01   0.0000000000000000E+00   1.1931732203988132E-01  -3.7941402361509358E-01   3.6066581058745682E-02   4.3480409468789512E-02   5.0086577873855370E-02   6.1019498423441487E-01   1.1102230246251565E-15   1.1833673550264539E+01  -4.7635725344351537E-01   4.2807977948714979E-02   4.0000000000000003E-05   2.5892408000000000E+01   4.9999999999999989E-05   2.6665999999999999E-02   2.5919266000000000E+01   2.1999999999999999E-05
 
       1       69   5.9038992125984244E+01     2500        0   0.0000000000000000E+00   3.0342044265022361E+00   8.6940811789312877E-01   0.0000000000000000E+00   1.1781123358226207E-01  -3.8229018332266240E-01   3.6066581058745682E-02   4.3476208155343601E-02   5.0946479912031870E-02   6.0756920028879347E-01   1.1102230246251565E-15   1.1834433682271047E+01  -4.7635725344351537E-01   4.2807977948714979E-02   4.0000000000000003E-05   2.6029239999999998E+01   5.3000000000000008E-05   2.8915000000000003E-02   2.6058336000000001E+01   3.4999999999999997E-05
 
       1       70   5.9907212598425190E+01     2500        0   0.0000000000000000E+00   3.0146624562751922E+00   8.6897557260027458E-01   0.0000000000000000E+00   1.1540718093071220E-01  -3.8528863477009184E-01   3.6066581058745682E-02   4.3480921930781999E-02   5.1806012801475322E-02   6.0756919996073877E-01   1.1087051415836768E-15   1.1835275155501979E+01  -4.7635725344351537E-01   4.2807977948714979E-02   5.1000000000000000E-05   2.6354603000000001E+01   5.1000000000000000E-05   2.6647000000000004E-02   2.6381464999999999E+01   2.3000000000000000E-05
 
       1       71   6.0775433070866136E+01     2500        0   0.0000000000000000E+00   3.0194651719256718E+00   8.6891583098160141E-01   0.0000000000000000E+00   1.1240487032741160E-01  -3.8809803317105152E-01   3.6066581058745682E-02   4.3480949656769359E-02   5.2693931976798454E-02   6.0756920040293660E-01   1.1102230246251565E-15   1.1836199123996977E+01  -4.7635725344351537E-01   4.2807977948714979E-02   4.6000000000000000E-05   2.6778674000000002E+01   5.1000000000000006E-05   2.8181000000000001E-02   2.6807051999999999E+01   2.3000000000000000E-05
 
       1       72   6.1643653543307082E+01     2500        0   0.0000000000000000E+00   3.0342737448905925E+00   8.6920909136087920E-01   0.0000000000000000E+00   1.0911158196662703E-01  -3.9046903210577594E-01   3.6066581058745682E-02   4.3475497931920556E-02   5.3592487588991523E-02   6.0756920012410642E-01   1.1093556628871681E-15   1.1837206376862209E+01  -4.7635725344351537E-01   4.2807977948714979E-02   3.8999999999999999E-05   2.5756661000000001E+01   5.1999999999999997E-05   2.5916000000000002E-02   2.5782748999999999E+01   2.0999999999999999E-05
 
       1       73   6.2511874015748027E+01     2500        0   0.0000000000000000E+00   3.0225839568182873E+00   8.6987022086804922E-01   0.0000000000000000E+00   1.0579752752177737E-01  -3.9225394110422546E-01   3.6066581058745682E-02   4.3480615754149528E-02   5.4482662732357599E-02   6.0756920005470660E-01   1.1102230246251565E-15   1.1838297502439064E+01  -4.7635725344351537E-01   4.2807977948714979E-02   3.6999999999999998E-05   2.5761952000000001E+01   5.1999999999999990E-05   2.9699999999999994E-02   2.5791823999999998E+01   3.3000000000000003E-05
 
       1       74   6.3380094488188973E+01     2500        0   0.0000000000000000E+00   3.0001727509149578E+00   8.7089593231798879E-01   0.0000000000000000E+00   1.0266213731400076E-01  -3.9333535284366911E-01   3.6066581058745682E-02   4.3480380356202331E-02   5.5406018867364376E-02   6.0756920044895013E-01   1.1087051415836768E-15   1.1839472774997441E+01  -4.7635725344351537E-01   4.2807977948714979E-02   5.3000000000000001E-05   2.6065612999999999E+01   5.1999999999999997E-05   2.7896000000000008E-02   2.6093726000000000E+01   2.1999999999999999E-05
 
       1       75   6.4248314960629926E+01     2500        0   0.0000000000000000E+00   3.0030189631504713E+00   8.7209239407075057E-01   0.0000000000000000E+00   9.9887529193403740E-02  -3.9359036666733527E-01   3.6066581058745682E-02   4.3478424115467977E-02   5.6317413308497925E-02   6.0756919998461745E-01   1.1087051415836768E-15   1.1840732098897465E+01  -4.7635725344351537E-01   4.2807977948714979E-02   4.3000000000000002E-05   2.5254633999999999E+01   5.1999999999999997E-05   2.6789000000000000E-02   2.5281609000000000E+01   2.1999999999999999E-05
 
       1       76   6.5116535433070865E+01     2500        0   0.0000000000000000E+00   3.0187895231640254E+00   8.7313114765410760E-01   0.0000000000000000E+00   9.7683962665489094E-02  -3.9301319493012860E-01   3.6066581058745682E-02   4.3479201312591406E-02   5.7220835687189074E-02   6.0756920018163629E-01   1.1087051415836768E-15   1.1842075168060058E+01  -4.7635725344351537E-01   4.2807977948714979E-02   3.8999999999999999E-05   2.5980346999999998E+01   5.1999999999999997E-05   2.8983000000000002E-02   2.6009499999999999E+01   2.1999999999999999E-05
 
       1       77   6.5984755905511818E+01     2500        0   0.0000000000000000E+00   3.0168809321114942E+00   8.7376857140030939E-01   0.0000000000000000E+00   9.6260513164687214E-02  -3.9179760532901242E-01   3.6066581058745682E-02   4.3478700050018845E-02   5.8140277476222531E-02   6.0756920040659546E-01   1.1102230246251565E-15   1.1843501274555676E+01  -4.7635725344351537E-01   4.2807977948714979E-02   4.3999999999999999E-05   2.6463661999999999E+01   5.1999999999999997E-05   2.7170999999999997E-02   2.6491028000000000E+01   2.3000000000000000E-05
 
       1       78   6.6852976377952757E+01     2500        0   0.0000000000000000E+00   3.0061402424981778E+00   8.7392007308504460E-01   0.0000000000000000E+00   9.5829003482687178E-02  -3.9023271131328557E-01   3.6066581058745682E-02   4.3480237639576265E-02   5.9035377594451065E-02   6.0756919993008685E-01   1.1087051415836768E-15   1.1845009367253468E+01  -4.7635725344351537E-01   4.2807977948714979E-02   3.8999999999999999E-05   2.6324480999999999E+01   5.1999999999999997E-05   2.7650999999999998E-02   2.6352302999999999E+01   5.1999999999999997E-05
 
       1       79   6.7721196850393710E+01     2500        0   0.0000000000000000E+00   3.0058668702141720E+00   8.7361196179501055E-01   0.0000000000000000E+00   9.6623563112322064E-02  -3.8859215163481114E-01   3.6066581058745682E-02   4.3480504687939847E-02   5.9922745579306880E-02   6.0756920031042916E-01   1.1087051415836768E-15   1.1846598146727231E+01  -4.7635725344351537E-01   4.2807977948714979E-02   5.1000000000000000E-05   2.5519481000000003E+01   5.5000000000000002E-05   2.9110000000000000E-02   2.5548800000000000E+01   2.9000000000000000E-05
 
       1       80   6.8589417322834649E+01     2500        0   0.0000000000000000E+00   3.0133332705561768E+00   8.7296248411701582E-01   0.0000000000000000E+00   9.8800303380160881E-02  -3.8714089386004658E-01   3.6066581058745682E-02   4.3475907259074957E-02   6.0804799986694788E-02   6.0756920027441175E-01   1.1087051415836768E-15   1.1848265859769480E+01  -4.7635725344351537E-01   4.2807977948714979E-02   4.6000000000000000E-05   2.6207946999999997E+01   5.1000000000000000E-05   2.6492999999999996E-02   2.6234622000000002E+01   2.1999999999999999E-05
 
       1       81   6.9457637795275588E+01     2500        0   0.0000000000000000E+00   3.0236853354211304E+00   8.7212512620977556E-01   0.0000000000000000E+00   1.0231970239809544E-01  -3.8613480469886097E-01   3.6066581058745682E-02   4.3480939978839075E-02   6.1651970558992249E-02   6.0756919996712488E-01   1.1087051415836768E-15   1.1850010454359218E+01  -4.7635725344351537E-01   4.2807977948714979E-02   4.0000000000000003E-05   2.6083888999999996E+01   5.3000000000000001E-05   2.6983000000000000E-02   2.6111044000000000E+01   2.0999999999999999E-05
 
       1       82   7.0325858267716541E+01     2500        0   0.0000000000000000E+00   3.0358531694186448E+00   8.7117433255944043E-01   0.0000000000000000E+00   1.0697097909049146E-01  -3.8576880134234598E-01   3.6066581058745682E-02   4.3480943736450284E-02   6.2489104269303812E-02   6.0756920040998608E-01   1.1087051415836768E-15   1.1851829565683447E+01  -4.7635725344351537E-01   4.2807977948714979E-02   3.8999999999999999E-05   2.5958325999999996E+01   1.1899999999999999E-04   2.8444999999999998E-02   2.5987010999999999E+01   3.8000000000000002E-05
 
       1       83   7.1194078740157480E+01     2500        0   0.0000000000000000E+00   3.0373349942568915E+00   8.7011784662089020E-01   0.0000000000000000E+00   1.1240881273992291E-01  -3.8619223416110521E-01   3.6066581058745682E-02   4.3475811002877611E-02   6.3300985915436758E-02   6.0756920010937510E-01   1.1087051415836768E-15   1.1853720372787247E+01  -4.7635725344351537E-01   4.2807977948714979E-02   5.1999999999999997E-05   2.6504956999999997E+01   5.2999999999999994E-05   2.7660999999999998E-02   2.6532827999999999E+01   2.3000000000000000E-05
 
       1       84   7.2062299212598433E+01     2500        0   0.0000000000000000E+00   3.0237269953259713E+00   8.6902927927120732E-01   0.0000000000000000E+00   1.1807538257308646E-01  -3.8756710788962662E-01   3.6066581058745682E-02   4.3480532645786676E-02   6.4067052923646423E-02   6.0756920006538673E-01   1.1087051415836768E-15   1.1855679798658031E+01  -4.7635725344351537E-01   4.2807977948714979E-02   4.1999999999999998E-05   2.5550677000000004E+01   5.2999999999999994E-05   2.7457000000000006E-02   2.5578308000000000E+01   2.1999999999999999E-05
 
       1       85   7.2930519685039371E+01     2500        0   0.0000000000000000E+00   3.0217047782207218E+00   8.6806677098300566E-01   0.0000000000000000E+00   1.2317958094061851E-01  -3.9002372542225722E-01   3.6066581058745682E-02   4.3480273156462947E-02   6.4818515947855315E-02   6.0756920044920681E-01   1.1087051415836768E-15   1.1857704383970034E+01  -4.7635725344351537E-01   4.2807977948714979E-02   3.8000000000000002E-05   2.6766123999999998E+01   5.0000000000000002E-05   2.6587999999999997E-02   2.6792884000000001E+01   2.1999999999999999E-05
 
       1       86   7.3798740157480324E+01     2500        0   0.0000000000000000E+00   3.0441917736906818E+00   8.6737066840839339E-01   0.0000000000000000E+00   1.2689622601476883E-01  -3.9355153819407612E-01   3.6066581058745682E-02   4.3478635633724429E-02   6.5526617705195550E-02   6.0756919997536452E-01   1.1087051415836768E-15   1.1859790255489225E+01  -4.7635725344351537E-01   4.2807977948714979E-02   5.1999999999999997E-05   2.5921396000000005E+01   5.0000000000000002E-05   2.7454000000000003E-02   2.5949054000000000E+01   2.3000000000000000E-05
 
       1       87   7.4666960629921263E+01     2500        0   0.0000000000000000E+00   3.0504526340325024E+00   8.6705767184240490E-01   0.0000000000000000E+00   1.2860547963810617E-01  -3.9799536097310789E-01   3.6066581058745682E-02   4.3479144571164252E-02   6.6177950080542239E-02   6.0756920019377625E-01   1.1087051415836768E-15   1.1861933310573455E+01  -4.7635725344351537E-01   4.2807977948714979E-02   4.1999999999999998E-05   2.5908603000000003E+01   5.0000000000000002E-05   2.5282999999999996E-02   2.5934058000000000E+01   2.3000000000000000E-05
 
       1       88   7.5535181102362202E+01     2500        0   0.0000000000000000E+00   3.0166633250557391E+00   8.6727513681088131E-01   0.0000000000000000E+00   1.2795579193650733E-01  -4.0310156677044828E-01   3.6066581058745682E-02   4.3478491434363963E-02   6.6808229218938239E-02   6.0756920039758455E-01   1.1087051415836768E-15   1.1864129014446695E+01  -4.7635725344351537E-01   4.2807977948714979E-02   4.1999999999999998E-05   2.6045047999999994E+01   4.9999999999999996E-05   2.6369000000000000E-02   2.6071593000000000E+01   3.1000000000000001E-05
 
       1       89   7.6403401574803155E+01     2500        0   0.0000000000000000E+00   2.9875614356645226E+00   8.6811230070654399E-01   0.0000000000000000E+00   1.2486740955040236E-01  -4.0848270635957284E-01   3.6066581058745682E-02   4.3480347738064175E-02   6.7379264868098379E-02   6.0756919993010716E-01   1.1087051415836768E-15   1.1866372495958560E+01  -4.7635725344351537E-01   4.2807977948714979E-02   4.0000000000000003E-05   2.5836092000000001E+01   5.1000000000000006E-05   2.6204000000000002E-02   2.5862485000000000E+01   2.3000000000000000E-05
 
       1       90   7.7271622047244094E+01     2500        0   0.0000000000000000E+00   2.9980050409845469E+00   8.6946298448301229E-01   0.0000000000000000E+00   1.1960687457373038E-01  -4.1360630752051780E-01   3.6066581058745682E-02   4.3480590687422091E-02   6.7882940743247480E-02   6.0756920032119155E-01   1.1087051415836768E-15   1.1868658651592343E+01  -4.7635725344351537E-01   4.2807977948714979E-02   5.7000000000000003E-05   2.6104557000000003E+01   4.8999999999999998E-05   2.7472000000000000E-02   2.6132217000000001E+01   2.1999999999999999E-05
 
       1       91   7.8139842519685047E+01     2500        0   0.0000000000000000E+00   3.0195079393273314E+00   8.7108399763014077E-01   0.0000000000000000E+00   1.1280078590018956E-01  -4.1795685035986796E-01   3.6066581058745682E-02   4.3475597094473295E-02   6.8357702011168642E-02   6.0756920025975669E-01   1.1087051415836768E-15   1.1870981941926846E+01  -4.7635725344351537E-01   4.2807977948714979E-02   3.8999999999999999E-05   2.6137790000000003E+01   4.8000000000000008E-05   2.7740000000000001E-02   2.6165704999999999E+01   2.1999999999999999E-05
 
       1       92   7.9008062992125986E+01     2500        0   0.0000000000000000E+00   3.0166810014186733E+00   8.7275103479255700E-01   0.0000000000000000E+00   1.0530970619101347E-01  -4.2119912371086876E-01   3.6066581058745682E-02   4.3480948793954720E-02   6.8759907985451604E-02   6.0756919997401881E-01   1.1087051415836768E-15   1.1873336584633996E+01  -4.7635725344351537E-01   4.2807977948714979E-02   3.8999999999999999E-05   2.6448304999999998E+01   5.1000000000000000E-05   2.7820999999999999E-02   2.6476296999999999E+01   2.3000000000000000E-05
 
       1       93   7.9876283464566939E+01     2500        0   0.0000000000000000E+00   3.0069705307565266E+00   8.7425085632090138E-01   0.0000000000000000E+00   9.8123579269016700E-02  -4.2313348438878412E-01   3.6066581058745682E-02   4.3480928583554311E-02   6.9084927076215399E-02   6.0756920041653317E-01   1.1087051415836768E-15   1.1875716537580759E+01  -4.7635725344351537E-01   4.2807977948714979E-02   4.0000000000000003E-05   2.5528756000000001E+01   4.9999999999999996E-05   2.6808000000000002E-02   2.5555734000000001E+01   2.0999999999999999E-05
 
       1       94   8.0744503937007877E+01     2500        0   0.0000000000000000E+00   3.0135995190394045E+00   8.7526479770480248E-01   0.0000000000000000E+00   9.2308888738357686E-02  -4.2361218061282324E-01   3.6066581058745682E-02   4.3476114805163335E-02   6.9372306049889726E-02   6.0756920009490201E-01   1.1087051415836768E-15   1.1878115373946725E+01  -4.7635725344351537E-01   4.2807977948714979E-02   3.6000000000000001E-05   2.5460404999999998E+01   4.9000000000000005E-05   2.6335999999999998E-02   2.5486903000000002E+01   3.1000000000000001E-05
 
       1       95   8.1612724409448816E+01     2500        0   0.0000000000000000E+00   3.0119093945940496E+00   8.7543006838758730E-01   0.0000000000000000E+00   8.8777435440444169E-02  -4.2268725738371993E-01   3.6066581058745682E-02   4.3480440317382206E-02   6.9576661615311605E-02   6.0756920007631854E-01   1.1087051415836768E-15   1.1880526511850853E+01  -4.7635725344351537E-01   4.2807977948714979E-02   4.8000000000000001E-05   2.5692553999999998E+01   4.9000000000000005E-05   2.9377000000000004E-02   2.5722109000000000E+01   3.4999999999999997E-05
 
       1       96   8.2480944881889769E+01     2500        0   0.0000000000000000E+00   2.9868875990059705E+00   8.7458927567691180E-01   0.0000000000000000E+00   8.7963352429593231E-02  -4.2080975476701654E-01   3.6066581058745682E-02   4.3480156711552774E-02   6.9695162193828292E-02   6.0756920044870388E-01   1.1087051415836768E-15   1.1882943081532780E+01  -4.7635725344351537E-01   4.2807977948714979E-02   4.6999999999999997E-05   2.5838267999999999E+01   4.6000000000000000E-05   2.6199000000000000E-02   2.5864652000000000E+01   2.1999999999999999E-05
 
       1       97   8.3349165354330708E+01     2500        0   0.0000000000000000E+00   2.9801799883262610E+00   8.7293529289891370E-01   0.0000000000000000E+00   8.9781421044537763E-02  -4.1871895240017282E-01   3.6066581058745682E-02   4.3478837895291285E-02   6.9767043919201577E-02   6.0756919996690073E-01   1.1087051415836768E-15   1.1885357924782227E+01  -4.7635725344351537E-01   4.2807977948714979E-02   3.8999999999999999E-05   2.6657366000000000E+01   5.2999999999999994E-05   2.8177000000000001E-02   2.6685718000000001E+01   4.0000000000000003E-05
 
       1       98   8.4217385826771661E+01     2500        0   0.0000000000000000E+00   3.0082900938892645E+00   8.7090715391096507E-01   0.0000000000000000E+00   9.3871796402526561E-02  -4.1710266802481466E-01   3.6066581058745682E-02   4.3479322372276384E-02   6.9748466906082468E-02   6.0756920020590821E-01   1.1087051415836768E-15   1.1887763795049347E+01  -4.7635725344351537E-01   4.2807977948714979E-02   5.3000000000000001E-05   2.6125533000000001E+01   4.8999999999999998E-05   2.8239000000000000E-02   2.6153981000000002E+01   2.1999999999999999E-05
 
       1       99   8.5085606299212600E+01     2500        0   0.0000000000000000E+00   3.0211335110152544E+00   8.6900811455265481E-01   0.0000000000000000E+00   9.9694991319936338E-02  -4.1642698636259223E-01   3.6066581058745682E-02   4.3478273561259953E-02   6.9636904067020888E-02   6.0756920038781759E-01   1.1087051415836768E-15   1.1890153154286551E+01  -4.7635725344351537E-01   4.2807977948714979E-02   4.0000000000000003E-05   2.5967125999999997E+01   5.6999999999999996E-05   2.8451000000000001E-02   2.5995756000000000E+01   2.9000000000000000E-05
 
       1      100   8.5953826771653553E+01     2500        0   0.0000000000000000E+00   2.9926203293525422E+00   8.6769436225641416E-01   0.0000000000000000E+00   1.0638830984836903E-01  -4.1699823405717829E-01   3.6066581058745682E-02   4.3480448592160589E-02   6.9470146412532935E-02   6.0756919993087311E-01   1.1087051415836768E-15   1.1892518303428229E+01  -4.7635725344351537E-01   4.2807977948714979E-02   3.8999999999999999E-05   2.5795219999999997E+01   4.5000000000000003E-05   2.6792999999999994E-02   2.5822172999999999E+01   2.0999999999999999E-05
 
       1      101   8.6822047244094492E+01     2500        0   0.0000000000000000E+00   2.9693466211810602E+00   8.6729083706889953E-01   0.0000000000000000E+00   1.1281564652613740E-01  -4.1895626913916684E-01   3.6066581058745682E-02   4.3480667466045744E-02   6.9208620853987282E-02   6.0756920033168704E-01   1.1087051415836768E-15   1.1894851487660640E+01  -4.7635725344351537E-01   4.2807977948714979E-02   3.6999999999999998E-05   2.5736157000000002E+01   1.0199999999999999E-04   2.7866999999999999E-02   2.5764240999999998E+01   2.1999999999999999E-05
 
       1      102   8.7690267716535431E+01     2500        0   0.0000000000000000E+00   2.9900793650705371E+00   8.6787677671987029E-01   0.0000000000000000E+00   1.1796963582866402E-01  -4.2212805871829828E-01   3.6066581058745682E-02   4.3475277660460596E-02   6.8848862511196804E-02   6.0756920024487648E-01   1.1087051415836768E-15   1.1897144705978278E+01  -4.7635725344351537E-01   4.2807977948714979E-02   3.6999999999999998E-05   2.4955061000000001E+01   6.9999999999999994E-05   2.7518000000000001E-02   2.4982765000000001E+01   2.3000000000000000E-05
 
       1      103   8.8558488188976384E+01     2500        0   0.0000000000000000E+00   3.0214638392780344E+00   8.6922994582530189E-01   0.0000000000000000E+00   1.2129185170948564E-01  -4.2600330039824480E-01   3.6066581058745682E-02   4.3480948377292543E-02   6.8426417112415858E-02   6.0756919998139947E-01   1.1087051415836768E-15   1.1899389931149457E+01  -4.7635725344351537E-01   4.2807977948714979E-02   4.3000000000000002E-05   2.4296790000000001E+01   5.1999999999999997E-05   2.8583999999999998E-02   2.4325675000000000E+01   2.1999999999999999E-05
 
       1      104   8.9426708661417322E+01     2500        0   0.0000000000000000E+00   3.0184767596505520E+00   8.7089870432696015E-01   0.0000000000000000E+00   1.2262374243370124E-01  -4.2993631127329135E-01   3.6066581058745682E-02   4.3480904196919648E-02   6.7908009916492013E-02   6.0756920042255513E-01   1.1087051415836768E-15   1.1901579087415817E+01  -4.7635725344351537E-01   4.2807977948714979E-02   7.1000000000000005E-05   2.7363950000000003E+01   5.5999999999999999E-05   2.7837000000000001E-02   2.7391991000000001E+01   2.3000000000000000E-05
 
       1      105   9.0294929133858275E+01     2500        0   0.0000000000000000E+00   3.0006553341052769E+00   8.7237468908287830E-01   0.0000000000000000E+00   1.2207342832685779E-01  -4.3337731282261227E-01   3.6066581058745682E-02   4.3476409339857518E-02   6.7288308244410025E-02   6.0756920008073600E-01   1.1087051415836768E-15   1.1903703949688353E+01  -4.7635725344351537E-01   4.2807977948714979E-02   4.0000000000000003E-05   2.6038472000000002E+01   5.3000000000000001E-05   2.7292999999999994E-02   2.6065935000000000E+01   3.1000000000000001E-05
 
       1      106   9.1163149606299214E+01     2500        0   0.0000000000000000E+00   3.0063182847847147E+00   8.7326727696775563E-01   0.0000000000000000E+00   1.2005197665153394E-01  -4.3599337446797720E-01   3.6066581058745682E-02   4.3480338770128392E-02   6.6600195090334768E-02   6.0756920008747728E-01   1.1087051415836768E-15   1.1905756386801901E+01  -4.7635725344351537E-01   4.2807977948714979E-02   5.1000000000000000E-05   2.6204207000000000E+01   5.3000000000000008E-05   2.6414000000000003E-02   2.6230809000000001E+01   3.6999999999999998E-05
 
       1      107   9.2031370078740167E+01     2500        0   0.0000000000000000E+00   3.0214938767543904E+00   8.7343712242682425E-01   0.0000000000000000E+00   1.1727867754203425E-01  -4.3772915704888465E-01   3.6066581058745682E-02   4.3480031020338712E-02   6.5817921185110262E-02   6.0756920044741580E-01   1.1087051415836768E-15   1.1907728225257841E+01  -4.7635725344351537E-01   4.2807977948714979E-02   3.8999999999999999E-05   2.8641742000000001E+01   5.6999999999999996E-05   2.7170999999999997E-02   2.8669084999999999E+01   2.1999999999999999E-05
 
       1      108   9.2899590551181106E+01     2500        0   0.0000000000000000E+00   3.0131488205736208E+00   8.7303623567477584E-01   0.0000000000000000E+00   1.1452353335815817E-01  -4.3880749042923717E-01   3.6066581058745682E-02   4.3479030901277256E-02   6.4933720028470587E-02   6.0756919995927527E-01   1.1087051415836768E-15   1.1909611276203648E+01  -4.7635725344351537E-01   4.2807977948714979E-02   4.1000000000000000E-05   2.8500982000000000E+01   4.9000000000000005E-05   2.6690999999999999E-02   2.8527839000000000E+01   3.1000000000000001E-05
 
       1      109   9.3767811023622045E+01     2500        0   0.0000000000000000E+00   2.9945732263882245E+00   8.7241982753305425E-01   0.0000000000000000E+00   1.1228664486211055E-01  -4.3958531557637665E-01   3.6066581058745682E-02   4.3479490964507664E-02   6.3977815247643344E-02   6.0756920021800820E-01   1.1087051415836768E-15   1.1911397534991073E+01  -4.7635725344351537E-01   4.2807977948714979E-02   4.3000000000000002E-05   2.7639444999999995E+01   5.0999999999999993E-05   2.7394999999999999E-02   2.7667012000000000E+01   3.4999999999999997E-05
 
       1      110   9.4636031496062998E+01     2500        0   0.0000000000000000E+00   2.9958634024857855E+00   8.7194920111901142E-01   0.0000000000000000E+00   1.1067547877492667E-01  -4.4035381519036321E-01   3.6066581058745682E-02   4.3478046429602603E-02   6.2932314447137649E-02   6.0756920037734241E-01   1.1087051415836768E-15   1.1913078983564457E+01  -4.7635725344351537E-01   4.2807977948714979E-02   4.8999999999999998E-05   2.8333627999999997E+01   5.3000000000000001E-05   2.5544000000000001E-02   2.8359359000000001E+01   2.1999999999999999E-05
 
       1      111   9.5504251968503937E+01     2500        0   0.0000000000000000E+00   3.0055215061265161E+00   8.7180598456667968E-01   0.0000000000000000E+00   1.0945806550754510E-01  -4.4127214344079391E-01   3.6066581058745682E-02   4.3480540203003015E-02   6.1786857501329312E-02   6.0756919993235881E-01   1.1087051415836768E-15   1.1914647742407450E+01  -4.7635725344351537E-01   4.2807977948714979E-02   4.0000000000000003E-05   2.8453410999999996E+01   5.5000000000000002E-05   2.7756000000000003E-02   2.8481338999999998E+01   3.4999999999999997E-05
 
       1      112   9.6372472440944890E+01     2500        0   0.0000000000000000E+00   2.9982872332595316E+00   8.7194527420200185E-01   0.0000000000000000E+00   1.0821858590062207E-01  -4.4241010600014596E-01   3.6066581058745682E-02   4.3480735022622896E-02   6.0569458935200118E-02   6.0756920034189121E-01   1.1087051415836768E-15   1.1916096165383813E+01  -4.7635725344351537E-01   4.2807977948714979E-02   5.1000000000000000E-05   2.7568966999999997E+01   5.2999999999999994E-05   2.9278999999999996E-02   2.7598458999999998E+01   2.9000000000000000E-05
 
       1      113   9.7240692913385814E+01     2500        0   0.0000000000000000E+00   2.9848792793075054E+00   8.7220630290736967E-01   0.0000000000000000E+00   1.0665430932919211E-01  -4.4371859722633250E-01   3.6066581058745682E-02   4.3474948955961511E-02   5.9269452980038995E-02   6.0756920022981953E-01   1.1087051415836768E-15   1.1917416665481131E+01  -4.7635725344351537E-01   4.2807977948714979E-02   7.2000000000000002E-05   2.8165834000000000E+01   5.1000000000000000E-05   2.6732999999999996E-02   2.8192765000000001E+01   3.6000000000000001E-05
 
       1      114   9.8108913385826767E+01     2500        0   0.0000000000000000E+00   2.9898732214081170E+00   8.7245423800833055E-01   0.0000000000000000E+00   1.0487378375989977E-01  -4.4495659403393545E-01   3.6066581058745682E-02   4.3480938730018799E-02   5.7874163177425886E-02   6.0756919998924119E-01   1.1087051415836768E-15   1.1918601942190524E+01  -4.7635725344351537E-01   4.2807977948714979E-02   5.3000000000000001E-05   2.7601466000000006E+01   5.6999999999999996E-05   2.8986999999999999E-02   2.7630687000000002E+01   2.1999999999999999E-05
 
       1      115   9.8977133858267706E+01     2500        0   0.0000000000000000E+00   3.0089559380624515E+00   8.7262698249618920E-01   0.0000000000000000E+00   1.0338905309123195E-01  -4.4577830440769617E-01   3.6066581058745682E-02   4.3480870575387076E-02   5.6410304738354837E-02   6.0756920042802731E-01   1.1087051415836768E-15   1.1919644948286043E+01  -4.7635725344351537E-01   4.2807977948714979E-02   4.0000000000000003E-05   2.6565599000000002E+01   5.1000000000000000E-05   2.8245000000000006E-02   2.6594014000000001E+01   2.0999999999999999E-05
 
       1      116   9.9845354330708645E+01     2500        0   0.0000000000000000E+00   3.0187087521792626E+00   8.7270288870053436E-01   0.0000000000000000E+00   1.0276804437029331E-01  -4.4598693441720827E-01   3.6066581058745682E-02   4.3476694608042571E-02   5.4872809419556016E-02   6.0756920006692450E-01   1.1087051415836768E-15   1.1920538808561760E+01  -4.7635725344351537E-01   4.2807977948714979E-02   3.6999999999999998E-05   2.6273104000000000E+01   5.5000000000000002E-05   2.8895999999999998E-02   2.6302167000000001E+01   2.0999999999999999E-05
 
       1      117   1.0071357480314960E+02     2500        0   0.0000000000000000E+00   3.0106577176423199E+00   8.7268256037513958E-01   0.0000000000000000E+00   1.0330616466525809E-01  -4.4569508252203544E-01   3.6066581058745682E-02   4.3480228005220167E-02   5.3247416779329329E-02   6.0756920009883875E-01   1.1087051415836768E-15   1.1921277056126833E+01  -4.7635725344351537E-01   4.2807977948714979E-02   5.0000000000000002E-05   2.7032841000000001E+01   5.0000000000000002E-05   2.6931000000000000E-02   2.7059979999999999E+01   2.1999999999999999E-05
 
       1      118   1.0158179527559054E+02     2500        0   0.0000000000000000E+00   2.9950240715196590E+00   8.7260174414820180E-01   0.0000000000000000E+00   1.0495501156142351E-01  -4.4524324943741106E-01   3.6066581058745682E-02   4.3479896081690353E-02   5.1560910190170658E-02   6.0756920044531937E-01   1.1087051415836768E-15   1.1921853491336908E+01  -4.7635725344351537E-01   4.2807977948714979E-02   4.3999999999999999E-05   2.7455937000000002E+01   4.6999999999999997E-05   2.6222000000000002E-02   2.7482371000000001E+01   2.1999999999999999E-05
 
       1      119   1.0245001574803149E+02     2500        0   0.0000000000000000E+00   2.9868479144832127E+00   8.7252043760878395E-01   0.0000000000000000E+00   1.0741322570185739E-01  -4.4498911188022139E-01   3.6066581058745682E-02   4.3479214652793655E-02   4.9811184971820174E-02   6.0756919995253622E-01   1.1087051415836768E-15   1.1922262223070231E+01  -4.7635725344351537E-01   4.2807977948714979E-02   3.8000000000000002E-05   2.6433087000000004E+01   5.1999999999999997E-05   2.7703000000000002E-02   2.6460957000000001E+01   2.1999999999999999E-05
 
       1      120   1.0331823622047243E+02     2500        0   0.0000000000000000E+00   2.9890650174039215E+00   8.7248232998676489E-01   0.0000000000000000E+00   1.1023697618675202E-01  -4.4514127236113710E-01   3.6066581058745682E-02   4.3479650346644173E-02   4.7983587973261715E-02   6.0756920023005245E-01   1.1087051415836768E-15   1.1922497850547110E+01  -4.7635725344351537E-01   4.2807977948714979E-02   4.5000000000000003E-05   2.6101222999999997E+01   4.9000000000000005E-05   2.8657999999999996E-02   2.6130068000000001E+01   2.8000000000000000E-05
 
       1      121   1.0418645669291338E+02     2500        0   0.0000000000000000E+00   2.9943780800302742E+00   8.7249313270603779E-01   0.0000000000000000E+00   1.1294892986954666E-01  -4.4570612252236025E-01   3.6066581058745682E-02   4.3477810038290300E-02   4.7331618739125218E-02   6.0756920036620776E-01   1.1087051415836768E-15   1.1922555269814758E+01  -4.7635725344351537E-01   4.2807977948714979E-02   4.8000000000000001E-05   2.8117389000000003E+01   5.1999999999999997E-05   2.7274000000000003E-02   2.8144856000000001E+01   2.1999999999999999E-05
 
       1      122   1.0505467716535432E+02     2500        0   0.0000000000000000E+00   2.9897527544885927E+00   8.7253582038532873E-01   0.0000000000000000E+00   1.1512005886769966E-01  -4.4654120165988292E-01   3.6066581058745682E-02   4.3480622571731603E-02   4.9403574671915029E-02   6.0756919993454306E-01   1.1087051415836768E-15   1.1922429827502590E+01  -4.7635725344351537E-01   4.2807977948714979E-02   4.6999999999999997E-05   2.6391228999999996E+01   4.8000000000000001E-05   2.7030999999999999E-02   2.6418465000000001E+01   2.4000000000000001E-05
 
       1      123   1.0592289763779526E+02     2500        0   0.0000000000000000E+00   2.9737183233676805E+00   8.7259221484573068E-01   0.0000000000000000E+00   1.1640514270743818E-01  -4.4745177734975150E-01   3.6066581058745682E-02   4.3480793355968259E-02   5.1533565607435806E-02   6.0756920035178197E-01   1.1087051415836768E-15   1.1922117394114885E+01  -4.7635725344351537E-01   4.2807977948714979E-02   4.1999999999999998E-05   2.5602619000000004E+01   5.3000000000000008E-05   2.6753000000000002E-02   2.5629548000000000E+01   2.1999999999999999E-05
 
       1      124   1.0679111811023621E+02     2500        0   0.0000000000000000E+00   2.9695369576627120E+00   8.7264924391636822E-01   0.0000000000000000E+00   1.1663142834630853E-01  -4.4822960019631131E-01   3.6066581058745682E-02   4.3474610979903315E-02   5.3673773996959002E-02   6.0756920021463590E-01   1.1087051415836768E-15   1.1921614199321844E+01  -4.7635725344351537E-01   4.2807977948714979E-02   4.8999999999999998E-05   2.6305603999999999E+01   5.2000000000000004E-05   2.7492999999999997E-02   2.6333304999999999E+01   3.4999999999999997E-05
 
       1      125   1.0765933858267715E+02     2500        0   0.0000000000000000E+00   2.9920865049720176E+00   8.7269670354089590E-01   0.0000000000000000E+00   1.1596305229770552E-01  -4.4862713367765428E-01   3.6066581058745682E-02   4.3480919853302359E-02   5.5839965736282103E-02   6.0756919999752301E-01   1.1087051415836768E-15   1.1920917046265872E+01  -4.7635725344351537E-01   4.2807977948714979E-02   5.1999999999999997E-05   2.6066597999999999E+01   5.5000000000000002E-05   2.9142000000000001E-02   2.6095955000000000E+01   2.0999999999999999E-05
 
       1      126   1.0852755905511810E+02     2500        0   0.0000000000000000E+00   3.0176791499045050E+00   8.7272786107622202E-01   0.0000000000000000E+00   1.1491799517743434E-01  -4.4837632425363838E-01   3.6066581058745682E-02   4.3480827717799993E-02   5.8030437419404127E-02   6.0756920043292717E-01   1.1087051415836768E-15   1.1920023260815588E+01  -4.7635725344351537E-01   4.2807977948714979E-02   3.8000000000000002E-05   2.7178331000000004E+01   5.5000000000000002E-05   2.8020000000000000E-02   2.7206548999999999E+01   2.1999999999999999E-05
 
       1      127   1.0939577952755904E+02     2500        0   0.0000000000000000E+00   3.0102474463738451E+00   8.7274246828385182E-01   0.0000000000000000E+00   1.1406413024359349E-01  -4.4730817418101598E-01   3.6066581058745682E-02   4.3476970610803620E-02   6.0213809065373144E-02   6.0756920005351778E-01   1.1087051415836768E-15   1.1918930616469114E+01  -4.7635725344351537E-01   4.2807977948714979E-02   1.0100000000000000E-04   2.7139113999999999E+01   5.4999999999999995E-05   3.0069000000000002E-02   2.7169454999999999E+01   3.8999999999999999E-05
 
       1      128   1.1026400000000000E+02     2500        0   0.0000000000000000E+00   2.9830100023604196E+00   8.7274650399882459E-01   0.0000000000000000E+00   1.1365189758061053E-01  -4.4544893673478286E-01   3.6066581058745682E-02   4.3480108023855095E-02   6.2418312467402932E-02   6.0756920011038096E-01   1.1087051415836768E-15   1.1917637547117032E+01  -4.7635725344351537E-01   4.2807977948714979E-02   4.1000000000000000E-05   2.6489649999999997E+01   5.0000000000000002E-05   2.8136000000000001E-02   2.6517958000000000E+01   2.3000000000000000E-05
 
