# itau tau weighted_probability_total weighted_delta_from_first max_k_index max_k max_k_weighted_probability
# mature_reference=sum_mom uses |mom|^2*k^2*sin(theta)*dk*dtheta*dphi
# dk_dtheta_dphi   2.9900000000000006E-02   1.0471975511965977E-01   6.2831853071795862E+00
       1   0.0000000000000000E+00   2.9611513048572293E-03  -8.6736173798840355E-19       11   3.0400000000000005E-01   1.1641352544872026E-04
       2   8.6822047244094480E-01   2.9724356732627817E-03   1.1284368405551585E-05       11   3.0400000000000005E-01   1.1993087302173024E-04
       3   1.7364409448818896E+00   3.0024201175072995E-03   4.1268812650069320E-05       11   3.0400000000000005E-01   1.2378658318749666E-04
       4   2.6046614173228346E+00   3.0526834405378983E-03   9.1532135680668161E-05       11   3.0400000000000005E-01   1.2815315375897158E-04
       5   3.4728818897637792E+00   3.1251983892871013E-03   1.6404708442987114E-04       11   3.0400000000000005E-01   1.3308398856495154E-04
       6   4.3411023622047242E+00   3.2184922162827945E-03   2.5734091142556436E-04       11   3.0400000000000005E-01   1.3824909266115681E-04
       7   5.2093228346456693E+00   3.3219809946134198E-03   3.6082968975618968E-04       11   3.0400000000000005E-01   1.4297010362132080E-04
       8   6.0775433070866134E+00   3.4189899387987374E-03   4.5783863394150727E-04       11   3.0400000000000005E-01   1.4643391961645610E-04
       9   6.9457637795275584E+00   3.4958926079349385E-03   5.3474130307770837E-04       11   3.0400000000000005E-01   1.4793005479722711E-04
      10   7.8139842519685034E+00   3.5453269621649828E-03   5.8417565730775264E-04       11   3.0400000000000005E-01   1.4703928119146365E-04
      11   8.6822047244094485E+00   3.5628827997068306E-03   6.0173149484960041E-04       11   3.0400000000000005E-01   1.4375245564267057E-04
      12   9.5504251968503944E+00   3.5452791651849496E-03   5.8412786032771948E-04       11   3.0400000000000005E-01   1.3850424332767524E-04
      13   1.0418645669291339E+01   3.4916331591641069E-03   5.3048185430687672E-04       11   3.0400000000000005E-01   1.3211778039883828E-04
      14   1.1286866141732284E+01   3.4051952154045290E-03   4.4404391054729889E-04       11   3.0400000000000005E-01   1.2565626905926600E-04
      15   1.2155086614173227E+01   3.2946302359554715E-03   3.3347893109824138E-04       11   3.0400000000000005E-01   1.2015481146009912E-04
      16   1.3023307086614173E+01   3.1732960734129072E-03   2.1214476855567705E-04       11   3.0400000000000005E-01   1.1627989224992058E-04
      17   1.3891527559055117E+01   3.0563610155411457E-03   9.5209710683915542E-05       11   3.0400000000000005E-01   1.1414829549221642E-04
      18   1.4759748031496061E+01   2.9584003932875040E-03  -2.7509115697261013E-06       11   3.0400000000000005E-01   1.1353554361946935E-04
      19   1.5627968503937007E+01   2.8922570950341807E-03  -6.8894209823049460E-05       11   3.0400000000000005E-01   1.1428698689630568E-04
      20   1.6496188976377955E+01   2.8673555182581181E-03  -9.3795786599112051E-05       11   3.0400000000000005E-01   1.1639290396170901E-04
      21   1.7364409448818897E+01   2.8871127298127834E-03  -7.4038575044446751E-05       11   3.0400000000000005E-01   1.1964539167241128E-04
      22   1.8232629921259843E+01   2.9466320102005004E-03  -1.4519294656729735E-05       11   3.0400000000000005E-01   1.2348805330466488E-04
      23   1.9100850393700789E+01   3.0326778420287177E-03   7.1526537171487554E-05       11   3.0400000000000005E-01   1.2737587623194499E-04
      24   1.9969070866141735E+01   3.1283359026399822E-03   1.6718459778275203E-04       11   3.0400000000000005E-01   1.3110531127914535E-04
      25   2.0837291338582677E+01   3.2200134691005751E-03   2.5886216424334495E-04       11   3.0400000000000005E-01   1.3462005779619725E-04
      26   2.1705511811023623E+01   3.3002542810578283E-03   3.3910297620059820E-04       11   3.0400000000000005E-01   1.3766089378318018E-04
      27   2.2573732283464569E+01   3.3651912147697602E-03   4.0403990991253001E-04       11   3.0400000000000005E-01   1.3981043041228657E-04
      28   2.3441952755905511E+01   3.4112862130356385E-03   4.5013490817840838E-04       11   3.0400000000000005E-01   1.4080171178826250E-04
      29   2.4310173228346454E+01   3.4347120483757890E-03   4.7356074351855883E-04       11   3.0400000000000005E-01   1.4061804584645206E-04
      30   2.5178393700787399E+01   3.4346874689576341E-03   4.7353616410040393E-04       11   3.0400000000000005E-01   1.3935099085932284E-04
      31   2.6046614173228345E+01   3.4183979841188282E-03   4.5724667926159805E-04       11   3.0400000000000005E-01   1.3715859963976077E-04
      32   2.6914834645669288E+01   3.3988749686219631E-03   4.3772366376473295E-04       11   3.0400000000000005E-01   1.3436855754328126E-04
      33   2.7783055118110234E+01   3.3827570793261664E-03   4.2160577446893627E-04       11   3.0400000000000005E-01   1.3143654015862399E-04
      34   2.8651275590551180E+01   3.3631085734596531E-03   4.0195726860242295E-04       11   3.0400000000000005E-01   1.2873797489887687E-04
      35   2.9519496062992122E+01   3.3291036663452940E-03   3.6795236148806382E-04       11   3.0400000000000005E-01   1.2646469916838116E-04
      36   3.0387716535433068E+01   3.2772878017078805E-03   3.1613649685065031E-04       11   3.0400000000000005E-01   1.2467263156864673E-04
      37   3.1255937007874014E+01   3.2097436606869124E-03   2.4859235582968230E-04       11   3.0400000000000005E-01   1.2330394679977154E-04
      38   3.2124157480314963E+01   3.1295632108477344E-03   1.6841190599050423E-04       11   3.0400000000000005E-01   1.2218782411989234E-04
      39   3.2992377952755909E+01   3.0433964610636966E-03   8.2245156206466486E-05       11   3.0400000000000005E-01   1.2117309696511558E-04
      40   3.3860598425196855E+01   2.9621483224257215E-03   9.9701756849134363E-07       11   3.0400000000000005E-01   1.2030374265844906E-04
      41   3.4728818897637794E+01   2.8977601017808863E-03  -6.3391203076343817E-05       11   3.0400000000000005E-01   1.1984831292877368E-04
      42   3.5597039370078740E+01   2.8645081632151176E-03  -9.6643141642112525E-05       11   3.0400000000000005E-01   1.2022421429105042E-04
      43   3.6465259842519686E+01   2.8780955517452981E-03  -8.3055753111932040E-05       11   3.0400000000000005E-01   1.2188953562697544E-04
      44   3.7333480314960632E+01   2.9452054539257141E-03  -1.5945850931516070E-05       11   3.0400000000000005E-01   1.2510271783444741E-04
      45   3.8201700787401577E+01   3.0591968946359761E-03   9.8045589778745969E-05       11   3.0400000000000005E-01   1.2963452935050085E-04
      46   3.9069921259842523E+01   3.2084442238227476E-03   2.4729291896551748E-04       11   3.0400000000000005E-01   1.3476296464599586E-04
      47   3.9938141732283469E+01   3.3787855735488456E-03   4.1763426869161546E-04       11   3.0400000000000005E-01   1.3959757979484355E-04
      48   4.0806362204724408E+01   3.5473683807087080E-03   5.8621707585147786E-04       11   3.0400000000000005E-01   1.4336476184820433E-04
      49   4.1674582677165354E+01   3.6852007531721484E-03   7.2404944831491822E-04       11   3.0400000000000005E-01   1.4550394144353032E-04
      50   4.2542803149606300E+01   3.7662358054707718E-03   8.0508450061354169E-04       11   3.0400000000000005E-01   1.4576330439437134E-04
      51   4.3411023622047246E+01   3.7717057565318543E-03   8.1055445167462414E-04       11   3.0400000000000005E-01   1.4430129248797633E-04
      52   4.4279244094488192E+01   3.6963417133140390E-03   7.3519040845680889E-04       11   3.0400000000000005E-01   1.4156619799602537E-04
      53   4.5147464566929138E+01   3.5566825914385793E-03   5.9553128658134920E-04       11   3.0400000000000005E-01   1.3794015924537378E-04
      54   4.6015685039370084E+01   3.3832615719609580E-03   4.2211026710372787E-04       11   3.0400000000000005E-01   1.3350534752756501E-04
      55   4.6883905511811022E+01   3.2010538636994728E-03   2.3990255884224262E-04       11   3.0400000000000005E-01   1.2826989108894927E-04
      56   4.7752125984251968E+01   3.0283436818882340E-03   6.7192377031003846E-05       11   3.0400000000000005E-01   1.2268932608683374E-04
      57   4.8620346456692907E+01   2.8914569680586568E-03  -6.9694336798573325E-05       11   3.0400000000000005E-01   1.1783741240683278E-04
      58   4.9488566929133853E+01   2.8207213036238288E-03  -1.4043000123340138E-04       11   3.0400000000000005E-01   1.1489755173659105E-04
      59   5.0356787401574799E+01   2.8274765711908860E-03  -1.3367473366634412E-04       11   3.0400000000000005E-01   1.1452209948527343E-04
      60   5.1225007874015745E+01   2.8956530799182194E-03  -6.5498224939010766E-05       11   3.0400000000000005E-01   1.1666114795935962E-04
      61   5.2093228346456691E+01   2.9960737246284854E-03   3.4922419771255247E-05       11   3.0400000000000005E-01   1.2073648082446094E-04
      62   5.2961448818897630E+01   3.1029139733446520E-03   1.4176266848742181E-04       11   3.0400000000000005E-01   1.2580759187304913E-04
      63   5.3829669291338575E+01   3.1999815770271667E-03   2.3883027216993653E-04       11   3.0400000000000005E-01   1.3077396636762258E-04
      64   5.4697889763779521E+01   3.2775695085969538E-03   3.1641820373972361E-04       11   3.0400000000000005E-01   1.3476420613205129E-04
      65   5.5566110236220467E+01   3.3258040243221150E-03   3.6465271946488484E-04       11   3.0400000000000005E-01   1.3751617473396367E-04
      66   5.6434330708661413E+01   3.3376830175982524E-03   3.7653171274102228E-04       11   3.0400000000000005E-01   1.3938514508269001E-04
      67   5.7302551181102359E+01   3.3228097869151632E-03   3.6165848205793301E-04       11   3.0400000000000005E-01   1.4088403050623331E-04
      68   5.8170771653543305E+01   3.3064573567980343E-03   3.4530605194080417E-04       11   3.0400000000000005E-01   1.4210608633369738E-04
      69   5.9038992125984244E+01   3.3052503205617274E-03   3.4409901570449722E-04       11   3.0400000000000005E-01   1.4253615359708101E-04
      70   5.9907212598425190E+01   3.3151378080628013E-03   3.5398650320557111E-04       11   3.0400000000000005E-01   1.4140435625885920E-04
      71   6.0775433070866136E+01   3.3291239307133851E-03   3.6797262585615493E-04       11   3.0400000000000005E-01   1.3824710580826775E-04
      72   6.1643653543307082E+01   3.3467178861879550E-03   3.8556658133072482E-04       11   3.0400000000000005E-01   1.3324786419403864E-04
      73   6.2511874015748027E+01   3.3580120712191218E-03   3.9686076636189166E-04       11   3.0400000000000005E-01   1.2725481295833166E-04
      74   6.3380094488188973E+01   3.3411025711109583E-03   3.7995126625372817E-04       11   3.0400000000000005E-01   1.2156126073428987E-04
      75   6.4248314960629926E+01   3.2842272052154182E-03   3.2307590035818810E-04       11   3.0400000000000005E-01   1.1746007523801903E-04
      76   6.5116535433070865E+01   3.1944771649065748E-03   2.3332586004934461E-04       11   3.0400000000000005E-01   1.1568149998168975E-04
      77   6.5984755905511818E+01   3.0866938962264348E-03   1.2554259136920466E-04       11   3.0400000000000005E-01   1.1609480686619304E-04
      78   6.6852976377952757E+01   2.9814746394100679E-03   2.0323334552837732E-05       11   3.0400000000000005E-01   1.1793421309178243E-04
      79   6.7721196850393710E+01   2.9057262694104492E-03  -5.5425035446780933E-05       11   3.0400000000000005E-01   1.2029804831192632E-04
      80   6.8589417322834649E+01   2.8770425319361885E-03  -8.4108772921041679E-05       11   3.0400000000000005E-01   1.2253701113585459E-04
      81   6.9457637795275588E+01   2.8974294312034076E-03  -6.3721873653822553E-05       11   3.0400000000000005E-01   1.2450173575106631E-04
      82   7.0325858267716541E+01   2.9694473491518178E-03   8.2960442945876137E-06       11   3.0400000000000005E-01   1.2663543903284800E-04
      83   7.1194078740157480E+01   3.0969153081048728E-03   1.3576400324764263E-04       11   3.0400000000000005E-01   1.2967318600021687E-04
      84   7.2062299212598433E+01   3.2633681336509198E-03   3.0221682879368961E-04       11   3.0400000000000005E-01   1.3405260159449390E-04
      85   7.2930519685039371E+01   3.4340257566363250E-03   4.7287445177909490E-04       11   3.0400000000000005E-01   1.3960729884811008E-04
      86   7.3798740157480324E+01   3.5840767290987278E-03   6.2292542424149770E-04       11   3.0400000000000005E-01   1.4570397414883019E-04
      87   7.4666960629921263E+01   3.7031840008740031E-03   7.4203269601677297E-04       11   3.0400000000000005E-01   1.5136316990191541E-04
      88   7.5535181102362202E+01   3.7752832008665304E-03   8.1413189600930023E-04       11   3.0400000000000005E-01   1.5524236519086557E-04
      89   7.6403401574803155E+01   3.7811872885106755E-03   8.2003598365344536E-04       11   3.0400000000000005E-01   1.5593892274752230E-04
      90   7.7271622047244094E+01   3.7185601707233019E-03   7.5740886586607176E-04       11   3.0400000000000005E-01   1.5267004289145231E-04
      91   7.8139842519685047E+01   3.5959029980261879E-03   6.3475169316895780E-04       11   3.0400000000000005E-01   1.4571792639713765E-04
      92   7.9008062992125986E+01   3.4161001193875962E-03   4.5494881453036606E-04       11   3.0400000000000005E-01   1.3626734332767071E-04
      93   7.9876283464566939E+01   3.1954820994281249E-03   2.3433079457089480E-04       11   3.0400000000000005E-01   1.2594315836291973E-04
      94   8.0744503937007877E+01   2.9857001701880598E-03   2.4548865330829665E-05       11   3.0400000000000005E-01   1.1640077507228661E-04
      95   8.1612724409448816E+01   2.8377990476766055E-03  -1.2335225718062464E-04       11   3.0400000000000005E-01   1.0900347284775871E-04
      96   8.2480944881889769E+01   2.7562535551941998E-03  -2.0489774966303033E-04       11   3.0400000000000005E-01   1.0464782661956917E-04
      97   8.3349165354330708E+01   2.7243795437443003E-03  -2.3677176111292983E-04       11   3.0400000000000005E-01   1.0377763644622830E-04
      98   8.4217385826771661E+01   2.7538002459057123E-03  -2.0735105895151786E-04       11   3.0400000000000005E-01   1.0636581384892056E-04
      99   8.5085606299212600E+01   2.8626127352086458E-03  -9.8538569648584391E-05       11   3.0400000000000005E-01   1.1173907055571251E-04
     100   8.5953826771653553E+01   3.0208329366721281E-03   5.9681631814897940E-05       11   3.0400000000000005E-01   1.1861848308128146E-04
     101   8.6822047244094492E+01   3.1667539386878094E-03   2.0560263383057921E-04       11   3.0400000000000005E-01   1.2564761812647551E-04
     102   8.7690267716535431E+01   3.2746442385404315E-03   3.1349293368320135E-04       11   3.0400000000000005E-01   1.3196628778294333E-04
     103   8.8558488188976384E+01   3.3685068350568256E-03   4.0735553019959547E-04       11   3.0400000000000005E-01   1.3723668607589724E-04
     104   8.9426708661417322E+01   3.4709459711338921E-03   5.0979466627666193E-04       11   3.0400000000000005E-01   1.4126292009468354E-04
     105   9.0294929133858275E+01   3.5695390766470039E-03   6.0838777178977375E-04       11   3.0400000000000005E-01   1.4379127575296559E-04
     106   9.1163149606299214E+01   3.6343658601747908E-03   6.7321455531756070E-04       11   3.0400000000000005E-01   1.4464907348763541E-04
     107   9.2031370078740167E+01   3.6451821692724887E-03   6.8403086441525852E-04       11   3.0400000000000005E-01   1.4391185181592843E-04
     108   9.2899590551181106E+01   3.6019542854018758E-03   6.4080298054464569E-04       11   3.0400000000000005E-01   1.4189019623388693E-04
     109   9.3767811023622045E+01   3.5279607722041792E-03   5.6680946734694905E-04       11   3.0400000000000005E-01   1.3902523378291895E-04
     110   9.4636031496062998E+01   3.4580535743654918E-03   4.9690226950826165E-04       11   3.0400000000000005E-01   1.3578029689921881E-04
     111   9.5504251968503937E+01   3.4054560837022698E-03   4.4430477884503964E-04       11   3.0400000000000005E-01   1.3251417134484291E-04
     112   9.6372472440944890E+01   3.3486569664683019E-03   3.8750566161107171E-04       11   3.0400000000000005E-01   1.2940976568872470E-04
     113   9.7240692913385814E+01   3.2675508866871934E-03   3.0639958182996328E-04       11   3.0400000000000005E-01   1.2656514088733037E-04
     114   9.8108913385826767E+01   3.1782210710348618E-03   2.1706976617763161E-04       11   3.0400000000000005E-01   1.2412969253752286E-04
     115   9.8977133858267706E+01   3.1140603097154925E-03   1.5290900485826235E-04       11   3.0400000000000005E-01   1.2230185088134415E-04
     116   9.9845354330708645E+01   3.0861516792955027E-03   1.2500037443827260E-04       11   3.0400000000000005E-01   1.2122693091597105E-04
     117   1.0071357480314960E+02   3.0807457908571352E-03   1.1959448599990503E-04       11   3.0400000000000005E-01   1.2096361599910882E-04
     118   1.0158179527559054E+02   3.0830634214910370E-03   1.2191211663380684E-04       11   3.0400000000000005E-01   1.2151798612833430E-04
     119   1.0245001574803149E+02   3.0866968510592052E-03   1.2554554620197505E-04       11   3.0400000000000005E-01   1.2284951436795319E-04
     120   1.0331823622047243E+02   3.0940717771573479E-03   1.3292047230011777E-04       11   3.0400000000000005E-01   1.2486505450534280E-04
     121   1.0418645669291338E+02   3.1230280267753674E-03   1.6187672191813728E-04       11   3.0400000000000005E-01   1.2744959875466588E-04
     122   1.0505467716535432E+02   3.1959767982878925E-03   2.3482549343066235E-04       11   3.0400000000000005E-01   1.3046145753111595E-04
     123   1.0592289763779526E+02   3.3059502873572953E-03   3.4479898250006514E-04       11   3.0400000000000005E-01   1.3366004849817861E-04
     124   1.0679111811023621E+02   3.4091338768391182E-03   4.4798257198188805E-04       11   3.0400000000000005E-01   1.3670121255222154E-04
     125   1.0765933858267715E+02   3.4691886970232774E-03   5.0803739216604728E-04       11   3.0400000000000005E-01   1.3926281767481915E-04
     126   1.0852755905511810E+02   3.4996023580450199E-03   5.3845105318778980E-04       11   3.0400000000000005E-01   1.4114102836415535E-04
     127   1.0939577952755904E+02   3.5496162562503896E-03   5.8846495139315948E-04       11   3.0400000000000005E-01   1.4221140141964023E-04
     128   1.1026400000000000E+02   3.6562383555278004E-03   6.9508705067057022E-04       11   3.0400000000000005E-01   1.4238559119223259E-04
