# itau tau probability_total probability_delta_from_first max_k_index max_k max_k_probability
       1   0.0000000000000000E+00   9.0038258953675188E+02   3.4106051316484809E-13        1   5.0000000000000001E-03   6.2144626808882299E+02
       2   8.6822047244094480E-01   9.8898078321516095E+02   8.8598193678409416E+01        1   5.0000000000000001E-03   6.9018388857883929E+02
       3   1.7364409448818896E+00   1.0755220979726394E+03   1.7513950843588782E+02        1   5.0000000000000001E-03   7.5823071586825097E+02
       4   2.6046614173228346E+00   1.1414698814609303E+03   2.4108729192417877E+02        1   5.0000000000000001E-03   8.0968325415869401E+02
       5   3.4728818897637792E+00   1.1745408889959222E+03   2.7415829945917062E+02        1   5.0000000000000001E-03   8.3395428766760176E+02
       6   4.3411023622047242E+00   1.1702940892670802E+03   2.6991149973032861E+02        1   5.0000000000000001E-03   8.2718406223120178E+02
       7   5.2093228346456693E+00   1.1272428564784557E+03   2.2686026694170414E+02        1   5.0000000000000001E-03   7.8812187723300974E+02
       8   6.0775433070866134E+00   1.0484528608371593E+03   1.4807027130040774E+02        1   5.0000000000000001E-03   7.1996942761157732E+02
       9   6.9457637795275584E+00   9.4875089853873351E+02   4.8368309001981970E+01        1   5.0000000000000001E-03   6.3663975950037775E+02
      10   7.8139842519685034E+00   8.5450369011135126E+02  -4.5878899425400277E+01        1   5.0000000000000001E-03   5.6146160036336767E+02
      11   8.6822047244094485E+00   7.9045759772868678E+02  -1.0992499180806476E+02        1   5.0000000000000001E-03   5.1480305547789214E+02
      12   9.5504251968503944E+00   7.6631153269705476E+02  -1.3407105683969678E+02        1   5.0000000000000001E-03   5.0304891749447756E+02
      13   1.0418645669291339E+01   7.7750879387081227E+02  -1.2287379566593927E+02        1   5.0000000000000001E-03   5.2064818246460516E+02
      14   1.1286866141732284E+01   8.1398743238579743E+02  -8.6395157150954105E+01        1   5.0000000000000001E-03   5.5819672266657494E+02
      15   1.2155086614173227E+01   8.6492491487448171E+02  -3.5457674662269824E+01        1   5.0000000000000001E-03   6.0592912540642294E+02
      16   1.3023307086614173E+01   9.1885507330930443E+02   1.8472483772552891E+01        1   5.0000000000000001E-03   6.5316672038174852E+02
      17   1.3891527559055117E+01   9.6428562398651047E+02   6.3903034449758934E+01        1   5.0000000000000001E-03   6.8921268165387517E+02
      18   1.4759748031496061E+01   9.9225119986486220E+02   9.1868610328110663E+01        1   5.0000000000000001E-03   7.0655483765888766E+02
      19   1.5627968503937007E+01   9.9755207982544016E+02   9.7169490288688621E+01        1   5.0000000000000001E-03   7.0227274771770863E+02
      20   1.6496188976377955E+01   9.8043321240908256E+02   8.0050622872331019E+01        1   5.0000000000000001E-03   6.7875010281106540E+02
      21   1.7364409448818897E+01   9.4949458442035552E+02   4.9111994883603984E+01        1   5.0000000000000001E-03   6.4529014636128579E+02
      22   1.8232629921259843E+01   9.1898456173145939E+02   1.8601972194707855E+01        1   5.0000000000000001E-03   6.1527400991651598E+02
      23   1.9100850393700789E+01   9.0118038492057269E+02   7.9779538382115334E-01        1   5.0000000000000001E-03   5.9938638466623831E+02
      24   1.9969070866141735E+01   9.0199525886830736E+02   1.6126693315558214E+00        1   5.0000000000000001E-03   6.0207592491582886E+02
      25   2.0837291338582677E+01   9.1990932849172032E+02   1.9526738954968778E+01        1   5.0000000000000001E-03   6.2105462581787424E+02
      26   2.1705511811023623E+01   9.4658910641039051E+02   4.6206516873638975E+01        1   5.0000000000000001E-03   6.4800728745541608E+02
      27   2.2573732283464569E+01   9.7209869501252797E+02   7.1716105475776430E+01        1   5.0000000000000001E-03   6.7330088537347524E+02
      28   2.3441952755905511E+01   9.9025224538033251E+02   8.9869655843580972E+01        1   5.0000000000000001E-03   6.9096097101972055E+02
      29   2.4310173228346454E+01   9.9891120939623681E+02   9.8528619859485275E+01        1   5.0000000000000001E-03   6.9905401520303428E+02
      30   2.5178393700787399E+01   9.9597777393981539E+02   9.5595184403063854E+01        1   5.0000000000000001E-03   6.9615551094274429E+02
      31   2.6046614173228345E+01   9.7751763594433157E+02   7.7135046407580035E+01        1   5.0000000000000001E-03   6.7968311480403793E+02
      32   2.6914834645669288E+01   9.4346030026454480E+02   4.3077710727793260E+01        1   5.0000000000000001E-03   6.5055811275485314E+02
      33   2.7783055118110234E+01   9.0255503642007852E+02   2.1724468833269839E+00        1   5.0000000000000001E-03   6.1684313757072414E+02
      34   2.8651275590551180E+01   8.6950368053670036E+02  -3.0878909000051181E+01        1   5.0000000000000001E-03   5.9086401856558939E+02
      35   2.9519496062992122E+01   8.5513392759793805E+02  -4.5248661938813484E+01        1   5.0000000000000001E-03   5.8106254102170158E+02
      36   3.0387716535433068E+01   8.5805173076437359E+02  -4.2330858772377951E+01        1   5.0000000000000001E-03   5.8529182627367118E+02
      37   3.1255937007874014E+01   8.6944285127314026E+02  -3.0939738263611275E+01        1   5.0000000000000001E-03   5.9522353427995495E+02
      38   3.2124157480314963E+01   8.8365771434984833E+02  -1.6724875186903205E+01        1   5.0000000000000001E-03   6.0563468713316399E+02
      39   3.2992377952755909E+01   9.0026735078892000E+02  -1.1523874783154042E-01        1   5.0000000000000001E-03   6.1624058799902593E+02
      40   3.3860598425196855E+01   9.1922488505669992E+02   1.8842295519948379E+01        1   5.0000000000000001E-03   6.2765102642067745E+02
      41   3.4728818897637794E+01   9.3815349900509750E+02   3.7770909468345963E+01        1   5.0000000000000001E-03   6.3900253204262015E+02
      42   3.5597039370078740E+01   9.5383638139680579E+02   5.3453791860054253E+01        1   5.0000000000000001E-03   6.4874543538969476E+02
      43   3.6465259842519686E+01   9.6346436395403748E+02   6.3081774417285942E+01        1   5.0000000000000001E-03   6.5525643029559672E+02
      44   3.7333480314960632E+01   9.6575335192113641E+02   6.5370762384384875E+01        1   5.0000000000000001E-03   6.5763158000812336E+02
      45   3.8201700787401577E+01   9.6155684502363192E+02   6.1174255486880384E+01        1   5.0000000000000001E-03   6.5627849532471294E+02
      46   3.9069921259842523E+01   9.5131760091465276E+02   5.0935011377901219E+01        1   5.0000000000000001E-03   6.5096693175266807E+02
      47   3.9938141732283469E+01   9.3440545794980744E+02   3.4022868413055903E+01        1   5.0000000000000001E-03   6.4035239813521935E+02
      48   4.0806362204724408E+01   9.1255552322324786E+02   1.2172933686496322E+01        1   5.0000000000000001E-03   6.2503508515779026E+02
      49   4.1674582677165354E+01   8.9166010164110014E+02  -8.7224878956513976E+00        1   5.0000000000000001E-03   6.0938167393710262E+02
      50   4.2542803149606300E+01   8.7849497655673144E+02  -2.1887612980020094E+01        1   5.0000000000000001E-03   5.9895426307893740E+02
      51   4.3411023622047246E+01   8.7553822463733536E+02  -2.4844364899416178E+01        1   5.0000000000000001E-03   5.9610308477238300E+02
      52   4.4279244094488192E+01   8.8160784366148494E+02  -1.8774745875266603E+01        1   5.0000000000000001E-03   6.0022584022465958E+02
      53   4.5147464566929138E+01   8.9739865152873642E+02  -2.9839380080151159E+00        1   5.0000000000000001E-03   6.1214073850675368E+02
      54   4.6015685039370084E+01   9.2416198953289643E+02   2.3779399996144889E+01        1   5.0000000000000001E-03   6.3311685219977153E+02
      55   4.6883905511811022E+01   9.5728529554866793E+02   5.6902706011916393E+01        1   5.0000000000000001E-03   6.5971112592441932E+02
      56   4.7752125984251968E+01   9.8653439883206431E+02   8.6151809295312773E+01        1   5.0000000000000001E-03   6.8380103696814001E+02
      57   4.8620346456692907E+01   1.0017110308227310E+03   1.0132844128597947E+02        1   5.0000000000000001E-03   6.9708880782055280E+02
      58   4.9488566929133853E+01   9.9738940750729239E+02   9.7006817970540851E+01        1   5.0000000000000001E-03   6.9489832086535978E+02
      59   5.0356787401574799E+01   9.7448976036222427E+02   7.4107170825472735E+01        1   5.0000000000000001E-03   6.7753750929709179E+02
      60   5.1225007874015745E+01   9.3978334460385702E+02   3.9400755067105479E+01        1   5.0000000000000001E-03   6.5010299830819133E+02
      61   5.2093228346456691E+01   9.0372139831114885E+02   3.3388087743973074E+00        1   5.0000000000000001E-03   6.2075321767358025E+02
      62   5.2961448818897630E+01   8.7593671917324912E+02  -2.4445870363502422E+01        1   5.0000000000000001E-03   5.9703157518163994E+02
      63   5.3829669291338575E+01   8.6215885302685831E+02  -3.8223736509893229E+01        1   5.0000000000000001E-03   5.8339479862179417E+02
      64   5.4697889763779521E+01   8.6452257496039363E+02  -3.5860014576357912E+01        1   5.0000000000000001E-03   5.8169714066575102E+02
      65   5.5566110236220467E+01   8.8346243490640018E+02  -1.6920154630351362E+01        1   5.0000000000000001E-03   5.9302331743328580E+02
      66   5.6434330708661413E+01   9.1718206486055294E+02   1.6799475323801403E+01        1   5.0000000000000001E-03   6.1700263755280935E+02
      67   5.7302551181102359E+01   9.5958801640610693E+02   5.9205426869355392E+01        1   5.0000000000000001E-03   6.4955371751210828E+02
      68   5.8170771653543305E+01   1.0022265795773023E+03   1.0184399004055081E+02        1   5.0000000000000001E-03   6.8431496760840560E+02
      69   5.9038992125984244E+01   1.0369764437578199E+03   1.3659385422106834E+02        1   5.0000000000000001E-03   7.1492470889640890E+02
      70   5.9907212598425190E+01   1.0555849509682430E+03   1.5520236143149145E+02        1   5.0000000000000001E-03   7.3455059098136019E+02
      71   6.0775433070866136E+01   1.0512608157864850E+03   1.5087822624973342E+02        1   5.0000000000000001E-03   7.3702960438652440E+02
      72   6.1643653543307082E+01   1.0227609322585949E+03   1.2237834272184341E+02        1   5.0000000000000001E-03   7.2026951962195756E+02
      73   6.2511874015748027E+01   9.7502404737503275E+02   7.4641457838281212E+01        1   5.0000000000000001E-03   6.8708705316690634E+02
      74   6.3380094488188973E+01   9.1678838891375312E+02   1.6405799377001586E+01        1   5.0000000000000001E-03   6.4351094291778895E+02
      75   6.4248314960629926E+01   8.5812150345594921E+02  -4.2261086080802329E+01        1   5.0000000000000001E-03   5.9702027709645415E+02
      76   6.5116535433070865E+01   8.0962439153857520E+02  -9.0758197998176342E+01        1   5.0000000000000001E-03   5.5623148105598091E+02
      77   6.5984755905511818E+01   7.8206852189892982E+02  -1.1831406763782172E+02        1   5.0000000000000001E-03   5.3059930691974171E+02
      78   6.6852976377952757E+01   7.8212341061503378E+02  -1.1825917892171776E+02        1   5.0000000000000001E-03   5.2644363795680420E+02
      79   6.7721196850393710E+01   8.0804185851184172E+02  -9.2340731024909815E+01        1   5.0000000000000001E-03   5.4296579716871213E+02
      80   6.8589417322834649E+01   8.5074731722765932E+02  -4.9635272309092215E+01        1   5.0000000000000001E-03   5.7313969163390641E+02
      81   6.9457637795275588E+01   8.9825434541055040E+02  -2.1282441262011389E+00        1   5.0000000000000001E-03   6.0755645850484348E+02
      82   7.0325858267716541E+01   9.4054672214398192E+02   4.0164132607230385E+01        1   5.0000000000000001E-03   6.3846876734302111E+02
      83   7.1194078740157480E+01   9.7218653592321289E+02   7.1803946386461348E+01        1   5.0000000000000001E-03   6.6180371565950190E+02
      84   7.2062299212598433E+01   9.9184777451878222E+02   9.1465184982030678E+01        1   5.0000000000000001E-03   6.7672197579494718E+02
      85   7.2930519685039371E+01   1.0015601335154172E+03   1.0117754397866565E+02        1   5.0000000000000001E-03   6.8503401886933796E+02
      86   7.3798740157480324E+01   1.0053203469444187E+03   1.0493775740766716E+02        1   5.0000000000000001E-03   6.9002054282591519E+02
      87   7.4666960629921263E+01   1.0060126240670238E+03   1.0563003453027227E+02        1   5.0000000000000001E-03   6.9383491817540175E+02
      88   7.5535181102362202E+01   1.0034254950861332E+03   1.0304290554938166E+02        1   5.0000000000000001E-03   6.9587951659777309E+02
      89   7.6403401574803155E+01   9.9476205683061471E+02   9.4379467293863172E+01        1   5.0000000000000001E-03   6.9327997816768766E+02
      90   7.7271622047244094E+01   9.7715083785902368E+02   7.6768248322272143E+01        1   5.0000000000000001E-03   6.8299121666019118E+02
      91   7.8139842519685047E+01   9.5014291295491387E+02   4.9760323418162329E+01        1   5.0000000000000001E-03   6.6391762699803564E+02
      92   7.9008062992125986E+01   9.1579536801958159E+02   1.5412778482830049E+01        1   5.0000000000000001E-03   6.3721254829234840E+02
      93   7.9876283464566939E+01   8.7803577023148750E+02  -2.2346819305264034E+01        1   5.0000000000000001E-03   6.0601356003178796E+02
      94   8.0744503937007877E+01   8.4236233641127353E+02  -5.8020253125478007E+01        1   5.0000000000000001E-03   5.7511243757273394E+02
      95   8.1612724409448816E+01   8.1426692525806914E+02  -8.6115664278682402E+01        1   5.0000000000000001E-03   5.4932886454207733E+02
      96   8.2480944881889769E+01   7.9793425002536355E+02  -1.0244833951138799E+02        1   5.0000000000000001E-03   5.3235307100522618E+02
      97   8.3349165354330708E+01   7.9634515962848457E+02  -1.0403742990826697E+02        1   5.0000000000000001E-03   5.2703940139125291E+02
      98   8.4217385826771661E+01   8.1039353219333600E+02  -8.9989057343415539E+01        1   5.0000000000000001E-03   5.3480769195135963E+02
      99   8.5085606299212600E+01   8.3749960728311191E+02  -6.2882982253639625E+01        1   5.0000000000000001E-03   5.5428259486136494E+02
     100   8.5953826771653553E+01   8.7234496226647457E+02  -2.8037627270276971E+01        1   5.0000000000000001E-03   5.8154448278553355E+02
     101   8.6822047244094492E+01   9.0898420165396669E+02   8.6016121172151543E+00        1   5.0000000000000001E-03   6.1179751871183464E+02
     102   8.7690267716535431E+01   9.4232933702007585E+02   4.1946747483324316E+01        1   5.0000000000000001E-03   6.4070984570326777E+02
     103   8.8558488188976384E+01   9.6838789867432411E+02   6.8005309137572567E+01        1   5.0000000000000001E-03   6.6466163720867928E+02
     104   8.9426708661417322E+01   9.8427010306778323E+02   8.3887513531031686E+01        1   5.0000000000000001E-03   6.8078017566415315E+02
     105   9.0294929133858275E+01   9.8889804476120287E+02   8.8515455224451330E+01        1   5.0000000000000001E-03   6.8758843871564568E+02
     106   9.1163149606299214E+01   9.8315987860887162E+02   8.2777289072120084E+01        1   5.0000000000000001E-03   6.8527253840923663E+02
     107   9.2031370078740167E+01   9.6925073537361880E+02   6.8868145836867257E+01        1   5.0000000000000001E-03   6.7525835980192596E+02
     108   9.2899590551181106E+01   9.5026605841721744E+02   4.9883468880465898E+01        1   5.0000000000000001E-03   6.5990271338637717E+02
     109   9.3767811023622045E+01   9.2964153354879784E+02   2.9258944012046300E+01        1   5.0000000000000001E-03   6.4205400112416601E+02
     110   9.4636031496062998E+01   9.1040384484243646E+02   1.0021255305684917E+01        1   5.0000000000000001E-03   6.2442611413937925E+02
     111   9.5504251968503937E+01   8.9478755285002160E+02  -5.5950366867299408E+00        1   5.0000000000000001E-03   6.0925171738694826E+02
     112   9.6372472440944890E+01   8.8403141560493452E+02  -1.6351173931817016E+01        1   5.0000000000000001E-03   5.9805288250682770E+02
     113   9.7240692913385814E+01   8.7832094302631685E+02  -2.2061646510434684E+01        1   5.0000000000000001E-03   5.9147950440326963E+02
     114   9.8108913385826767E+01   8.7707043755634106E+02  -2.3312151980410476E+01        1   5.0000000000000001E-03   5.8944377608686625E+02
     115   9.8977133858267706E+01   8.7936598991576511E+02  -2.1016599620986426E+01        1   5.0000000000000001E-03   5.9138179750109055E+02
     116   9.9845354330708645E+01   8.8430789322701924E+02  -1.6074696309732303E+01        1   5.0000000000000001E-03   5.9647621268252146E+02
     117   1.0071357480314960E+02   8.9128229245987757E+02  -9.1002970768739715E+00        1   5.0000000000000001E-03   6.0390741516286232E+02
     118   1.0158179527559054E+02   8.9999360182757732E+02  -3.8898770917421643E-01        1   5.0000000000000001E-03   6.1295793003300810E+02
     119   1.0245001574803149E+02   9.1003667730472159E+02   9.6540877679700543E+00        1   5.0000000000000001E-03   6.2281454885810842E+02
     120   1.0331823622047243E+02   9.2048213879664650E+02   2.0099549259894957E+01        1   5.0000000000000001E-03   6.3238647211013824E+02
     121   1.0418645669291338E+02   9.2984080220817236E+02   2.9458212671420824E+01        1   5.0000000000000001E-03   6.4037223212913977E+02
     122   1.0505467716535432E+02   9.3631150344722857E+02   3.5928913910477036E+01        1   5.0000000000000001E-03   6.4546758193547350E+02
     123   1.0592289763779526E+02   9.3816765342864267E+02   3.7785063891891127E+01        1   5.0000000000000001E-03   6.4656351684500191E+02
     124   1.0679111811023621E+02   9.3405930444825924E+02   3.3676714911507702E+01        1   5.0000000000000001E-03   6.4283353877115678E+02
     125   1.0765933858267715E+02   9.2342140707875194E+02   2.3038817542000402E+01        1   5.0000000000000001E-03   6.3395171112430148E+02
     126   1.0852755905511810E+02   9.0715284757664233E+02   6.7702580398907912E+00        1   5.0000000000000001E-03   6.2062400638467898E+02
     127   1.0939577952755904E+02   8.8788469398398229E+02  -1.2497895552769251E+01        1   5.0000000000000001E-03   6.0484647672380902E+02
     128   1.1026400000000000E+02   8.6945325996719703E+02  -3.0929329569554511E+01        1   5.0000000000000001E-03   5.8953837723669938E+02
