# ialpha itau tau krylov_substeps krylov_halvings krylov_last_error krylov_max_h mask_norm_before mask_norm_inside mask_norm_outside mask_overlap_real field_max_abs_e_nir field_max_abs_e_xuv field_max_abs_e_total field_max_abs_a field_consistency_error field_a2_phase initial_energy initial_residual_norm timing_initialize_seconds timing_propagate_seconds timing_mask_seconds timing_project_seconds timing_total_seconds timing_synthesis_seconds
       1        1   0.0000000000000000E+00     2500        0   0.0000000000000000E+00   4.4848157166893463E+00   9.0194443963587001E-01   0.0000000000000000E+00   1.1387450023129969E-01  -6.1174277827773693E-01   3.6066581058745682E-02   4.3479208012200635E-02   4.3566776808499380E-02   6.0756920018960980E-01   1.1087051415836768E-15   1.1843489052284870E+01  -4.9088795173704514E-01   2.7483116486493833E-02   1.0900000000000001E-04   1.5913451700000002E+02   9.0000000000000006E-05   3.5403200000000001E-01   1.5948886500000000E+02   4.0000000000000003E-05
 
       1        2   8.6822047244094480E-01     2500        0   0.0000000000000000E+00   4.4844006386751580E+00   9.0159567564461518E-01   0.0000000000000000E+00   1.2132893739881523E-01  -6.0790927305425713E-01   3.6066581058745682E-02   4.3479644607856596E-02   4.3618501000302408E-02   6.0756920018960980E-01   1.1087051415836768E-15   1.1843485000961186E+01  -4.9088795173704514E-01   2.7483116486493833E-02   1.1800000000000000E-04   1.1312336300000000E+02   9.5000000000000005E-05   2.9566999999999993E-02   1.1315325100000000E+02   2.8000000000000000E-05
 
       1        3   1.7364409448818896E+00     2500        0   0.0000000000000000E+00   4.4762921161591462E+00   9.0312086665660862E-01   0.0000000000000000E+00   1.2918087542946555E-01  -6.0390300315557000E-01   3.6066581058745682E-02   4.3477818958661082E-02   4.3660749603045217E-02   6.0756920018960980E-01   1.1087051415836768E-15   1.1843478497032805E+01  -4.9088795173704514E-01   2.7483116486493833E-02   6.7999999999999999E-05   1.0437238400000001E+02   9.2999999999999997E-05   2.8767999999999995E-02   1.0440140700000001E+02   4.6000000000000000E-05
 
       1        4   2.6046614173228346E+00     2500        0   0.0000000000000000E+00   4.4650363207239083E+00   9.0564294931767675E-01   0.0000000000000000E+00   1.3638037214717139E-01  -5.9999627330330663E-01   3.6066581058745682E-02   4.3480619685835990E-02   4.3708266431673456E-02   6.0756920018960980E-01   1.1087051415836768E-15   1.1843468868841182E+01  -4.9088795173704514E-01   2.7483116486493833E-02   1.3100000000000001E-04   1.5844040300000000E+02   9.0999999999999989E-05   2.8107000000000000E-02   1.5846884499999999E+02   2.5000000000000001E-05
 
       1        5   3.4728818897637792E+00     2500        0   0.0000000000000000E+00   4.4632533425554568E+00   9.0843584815348233E-01   0.0000000000000000E+00   1.4208202387899996E-01  -5.9648190203187423E-01   3.6066581058745682E-02   4.3480791359962440E-02   4.3779883012562235E-02   6.0756920018960980E-01   1.1087051415836768E-15   1.1843455400496488E+01  -4.9088795173704514E-01   2.7483116486493833E-02   7.7000000000000001E-05   9.2306994999999986E+01   9.1999999999999987E-05   3.0717000000000001E-02   9.2338069000000004E+01   2.6999999999999999E-05
 
       1        6   4.3411023622047242E+00     2500        0   0.0000000000000000E+00   4.4668458968687279E+00   9.1080377976353344E-01   0.0000000000000000E+00   1.4569289410488315E-01  -5.9357918586928815E-01   3.6066581058745682E-02   4.3474623662884022E-02   4.3843270797017032E-02   6.0756920018960980E-01   1.1097893437561623E-15   1.1843437314341376E+01  -4.9088795173704514E-01   2.7483116486493833E-02   7.2000000000000002E-05   1.1454891900000001E+02   8.5999999999999990E-05   2.6968000000000002E-02   1.1457612800000000E+02   2.5999999999999998E-05
 
       1        7   5.2093228346456693E+00     2500        0   0.0000000000000000E+00   4.4751980859142204E+00   9.1224194944480708E-01   0.0000000000000000E+00   1.4696939942901727E-01  -5.9135983113827728E-01   3.6066581058745682E-02   4.3480920717011734E-02   4.3926463570646786E-02   6.0756920018960980E-01   1.1087051415836768E-15   1.1843413794140062E+01  -4.9088795173704514E-01   2.7483116486493833E-02   1.1900000000000001E-04   1.4877231200000000E+02   9.7000000000000013E-05   2.7349999999999996E-02   1.4879997399999999E+02   2.9000000000000000E-05
 
       1        8   6.0775433070866134E+00     2500        0   0.0000000000000000E+00   4.4771279078184811E+00   9.1269467860281939E-01   0.0000000000000000E+00   1.4599071545142214E-01  -5.8987344182410706E-01   3.6066581058745682E-02   4.3480829469834816E-02   4.4021139803767262E-02   6.0756920018960980E-01   1.1087051415836768E-15   1.1843383995302702E+01  -4.9088795173704514E-01   2.7483116486493833E-02   8.2999999999999998E-05   1.1070217900000000E+02   2.8599999999999996E-04   2.8395000000000000E-02   1.1073102600000000E+02   2.5999999999999998E-05
 
       1        9   6.9457637795275584E+00     2500        0   0.0000000000000000E+00   4.4718136094668788E+00   9.1240473532630106E-01   0.0000000000000000E+00   1.4310541374310196E-01  -5.8921193630762170E-01   3.6066581058745682E-02   4.3476960553693510E-02   4.4108116394058122E-02   6.0756920018960980E-01   1.1087051415836768E-15   1.1843347029769692E+01  -4.9088795173704514E-01   2.7483116486493833E-02   8.5000000000000006E-05   7.9868939000000012E+01   7.2199999999999988E-04   3.4548999999999996E-02   7.9905647000000002E+01   2.5000000000000001E-05
 
       1       10   7.8139842519685034E+00     2500        0   0.0000000000000000E+00   4.4713468971513866E+00   9.1164920214343970E-01   0.0000000000000000E+00   1.3886362487599060E-01  -5.8938549207758439E-01   3.6066581058745682E-02   4.3480112631949189E-02   4.4228774031142240E-02   6.0756920018960980E-01   1.1087051415836768E-15   1.1843302004651679E+01  -4.9088795173704514E-01   2.7483116486493833E-02   6.9999999999999994E-05   1.1521863900000000E+02   8.6799999999999996E-04   1.9381000000000002E-02   1.1523904100000000E+02   2.5000000000000001E-05
 
       1       11   8.6822047244094485E+00     2500        0   0.0000000000000000E+00   4.4708893460366461E+00   9.1067584309428740E-01   0.0000000000000000E+00   1.3386132726552230E-01  -5.9029926981603043E-01   3.6066581058745682E-02   4.3479757399686368E-02   4.4347375467491609E-02   6.0756920018960980E-01   1.1087051415836768E-15   1.1843248012225276E+01  -4.9088795173704514E-01   2.7483116486493833E-02   6.7999999999999999E-05   1.1480447600000001E+02   5.2499999999999997E-04   2.9116000000000003E-02   1.1483425800000001E+02   2.5000000000000001E-05
 
       1       12   9.5504251968503944E+00     2500        0   0.0000000000000000E+00   4.4752266438580612E+00   9.0977850961468265E-01   0.0000000000000000E+00   1.2868404885155299E-01  -5.9181782806341199E-01   3.6066581058745682E-02   4.3479382853058392E-02   4.4465864535767521E-02   6.0756920018960980E-01   1.1087051415836768E-15   1.1843184129995045E+01  -4.9088795173704514E-01   2.7483116486493833E-02   6.6000000000000005E-05   1.1552298900000001E+02   9.2299999999999988E-04   2.7078000000000001E-02   1.1555113500000000E+02   2.6999999999999999E-05
 
       1       13   1.0418645669291339E+01     2500        0   0.0000000000000000E+00   4.4723905365664418E+00   9.0920694475136099E-01   0.0000000000000000E+00   1.2379912810485462E-01  -5.9384288764612514E-01   3.6066581058745682E-02   4.3479795119868075E-02   4.4615283577843237E-02   6.0756920018960980E-01   1.1087051415836768E-15   1.1843109463920491E+01  -4.9088795173704514E-01   2.7483116486493833E-02   6.8999999999999997E-05   1.1554367300000000E+02   2.0300000000000000E-04   1.3089000000000000E-02   1.1555711200000000E+02   2.5999999999999998E-05
 
       1       14   1.1286866141732284E+01     2500        0   0.0000000000000000E+00   4.4645468307603533E+00   9.0898043074886414E-01   0.0000000000000000E+00   1.1955854839716808E-01  -5.9623763215581749E-01   3.6066581058745682E-02   4.3477573649605257E-02   4.4756130642513228E-02   6.0756920018960980E-01   1.1087051415836768E-15   1.1843023119079895E+01  -4.9088795173704514E-01   2.7483116486493833E-02   6.7000000000000002E-05   1.1547255599999997E+02   8.3100000000000003E-04   1.1524000000000000E-02   1.1548505200000000E+02   2.5999999999999998E-05
 
       1       15   1.2155086614173227E+01     2500        0   0.0000000000000000E+00   4.4656014640527113E+00   9.0898543664376352E-01   0.0000000000000000E+00   1.1622658199300903E-01  -5.9876938886866860E-01   3.6066581058745682E-02   4.3480693155831245E-02   4.4909084704271698E-02   6.0756920018960980E-01   1.1091388224526710E-15   1.1842924224460454E+01  -4.9088795173704514E-01   2.7483116486493833E-02   7.6000000000000004E-05   1.1464771400000001E+02   1.1540000000000001E-03   2.1601000000000002E-02   1.1467127000000001E+02   2.5999999999999998E-05
 
       1       16   1.3023307086614173E+01     2500        0   0.0000000000000000E+00   4.4684758637935369E+00   9.0915219589112162E-01   0.0000000000000000E+00   1.1396214541867646E-01  -6.0122058783750809E-01   3.6066581058745682E-02   4.3480840810559376E-02   4.5078146141672111E-02   6.0756920018960980E-01   1.1087051415836768E-15   1.1842811963171879E+01  -4.9088795173704514E-01   2.7483116486493833E-02   6.8999999999999997E-05   1.1544475400000002E+02   9.7000000000000000E-05   3.7335000000000007E-02   1.1548233000000000E+02   2.5999999999999998E-05
 
       1       17   1.3891527559055117E+01     2500        0   0.0000000000000000E+00   4.4783118878840655E+00   9.0946773551992011E-01   0.0000000000000000E+00   1.1285912624910557E-01  -6.0344049474050654E-01   3.6066581058745682E-02   4.3474276757646417E-02   4.5236902325733609E-02   6.0756920018960980E-01   1.1087051415836768E-15   1.1842685537099040E+01  -4.9088795173704514E-01   2.7483116486493833E-02   6.6000000000000005E-05   1.1410718099999998E+02   2.5100000000000003E-04   1.6545999999999998E-02   1.1412412000000000E+02   2.5000000000000001E-05
 
       1       18   1.4759748031496061E+01     2500        0   0.0000000000000000E+00   4.4835483265170275E+00   9.0983105483880844E-01   0.0000000000000000E+00   1.1291482345945858E-01  -6.0530417730698816E-01   3.6066581058745682E-02   4.3480892953790991E-02   4.5418799309200369E-02   6.0756920018960980E-01   1.1087051415836768E-15   1.1842544215796888E+01  -4.9088795173704514E-01   2.7483116486493833E-02   6.7999999999999999E-05   1.1524419100000001E+02   1.1499999999999998E-03   2.1849000000000000E-02   1.1526792600000000E+02   2.5000000000000001E-05
 
       1       19   1.5627968503937007E+01     2500        0   0.0000000000000000E+00   4.4817938050505468E+00   9.1008136688346808E-01   0.0000000000000000E+00   1.1407850296394000E-01  -6.0663813760123586E-01   3.6066581058745682E-02   4.3480777717178648E-02   4.5601385178461275E-02   6.0756920018960980E-01   1.1091930325612953E-15   1.1842387338721942E+01  -4.9088795173704514E-01   2.7483116486493833E-02   7.7999999999999999E-05   1.0715898400000002E+02   7.7000000000000001E-05   2.1953000000000000E-02   1.0718116400000000E+02   2.5000000000000001E-05
 
       1       20   1.6496188976377955E+01     2500        0   0.0000000000000000E+00   4.4801323974984317E+00   9.1021744627631385E-01   0.0000000000000000E+00   1.1625346742061848E-01  -6.0731299033326192E-01   3.6066581058745682E-02   4.3477227635222375E-02   4.5771221641557322E-02   6.0756920018960980E-01   1.1087051415836768E-15   1.1842214292086119E+01  -4.9088795173704514E-01   2.7483116486493833E-02   6.7000000000000002E-05   1.1591294399999998E+02   7.5000000000000023E-04   3.1849999999999996E-02   1.1594569100000000E+02   2.5999999999999998E-05
 
       1       21   1.7364409448818897E+01     2500        0   0.0000000000000000E+00   4.4759541782791077E+00   9.1035969136152761E-01   0.0000000000000000E+00   1.1929045148904056E-01  -6.0733693190768512E-01   3.6066581058745682E-02   4.3479983776611796E-02   4.5973665070246597E-02   6.0756920018960980E-01   1.1095725033216652E-15   1.1842024571508961E+01  -4.9088795173704514E-01   2.7483116486493833E-02   7.2999999999999999E-05   1.1492514600000000E+02   7.5000000000000021E-05   2.4225000000000000E-02   1.1494959900000001E+02   2.5999999999999998E-05
 
       1       22   1.8232629921259843E+01     2500        0   0.0000000000000000E+00   4.4822439287376881E+00   9.1056132447869020E-01   0.0000000000000000E+00   1.2298781484216771E-01  -6.0677265816812676E-01   3.6066581058745682E-02   4.3479604305389566E-02   4.6161129544438129E-02   6.0756920018960980E-01   1.1087051415836768E-15   1.1841817750775490E+01  -4.9088795173704514E-01   2.7483116486493833E-02   6.7000000000000002E-05   1.0787594700000000E+02   2.7100000000000003E-04   2.0991000000000003E-02   1.0789745499999999E+02   2.5000000000000001E-05
 
       1       23   1.9100850393700789E+01     2500        0   0.0000000000000000E+00   4.4879764584480721E+00   9.1074058405338965E-01   0.0000000000000000E+00   1.2704144683821977E-01  -6.0567009801866378E-01   3.6066581058745682E-02   4.3479548441635672E-02   4.6344619087689803E-02   6.0756920018960980E-01   1.1087051415836768E-15   1.1841593486524705E+01  -4.9088795173704514E-01   2.7483116486493833E-02   6.6000000000000005E-05   9.0012734000000009E+01   8.2000000000000001E-05   2.1176999999999998E-02   9.0034137000000001E+01   2.5999999999999998E-05
 
       1       24   1.9969070866141735E+01     2500        0   0.0000000000000000E+00   4.4817506750376701E+00   9.1083191083759107E-01   0.0000000000000000E+00   1.3109178699370233E-01  -6.0408286029392289E-01   3.6066581058745682E-02   4.3479936419409455E-02   4.6544849627266072E-02   6.0756920018960980E-01   1.1087051415836768E-15   1.1841351576345673E+01  -4.9088795173704514E-01   2.7483116486493833E-02   6.6000000000000005E-05   9.1054244999999995E+01   1.6500000000000000E-04   5.7997000000000000E-02   9.1112547000000006E+01   2.5999999999999998E-05
 
       1       25   2.0837291338582677E+01     2500        0   0.0000000000000000E+00   4.4647192414873871E+00   9.1085771709824370E-01   0.0000000000000000E+00   1.3472526760258424E-01  -6.0216978581293268E-01   3.6066581058745682E-02   4.3477319078739730E-02   4.6726286512266062E-02   6.0756920018960980E-01   1.1087051415836768E-15   1.1841091902112696E+01  -4.9088795173704514E-01   2.7483116486493833E-02   6.7000000000000002E-05   8.4478315000000009E+01   1.1069999999999999E-03   6.6908000000000009E-02   8.4546474000000003E+01   8.2999999999999998E-05
 
       1       26   2.1705511811023623E+01     2500        0   0.0000000000000000E+00   4.4444639486988828E+00   9.1079005211278641E-01   0.0000000000000000E+00   1.3756116967100046E-01  -6.0014510219069017E-01   3.6066581058745682E-02   4.3480757385958302E-02   4.6911182533642175E-02   6.0756920018960980E-01   1.1093556628871681E-15   1.1840814470455626E+01  -4.9088795173704514E-01   2.7483116486493833E-02   1.5399999999999999E-03   1.0678009500000000E+02   5.7300000000000005E-04   2.3334999999999998E-02   1.0680721400000000E+02   2.5999999999999998E-05
 
       1       27   2.2573732283464569E+01     2500        0   0.0000000000000000E+00   4.4415945154386263E+00   9.1054479217917328E-01   0.0000000000000000E+00   1.3931859829300136E-01  -5.9817674731264248E-01   3.6066581058745682E-02   4.3480881035605434E-02   4.7096990666147392E-02   6.0756920018960980E-01   1.1087051415836768E-15   1.1840519442451086E+01  -4.9088795173704514E-01   2.7483116486493833E-02   7.2000000000000002E-05   1.1774038000000000E+02   6.8600000000000009E-04   2.4750999999999999E-02   1.1776601500000000E+02   2.5999999999999998E-05
 
       1       28   2.3441952755905511E+01     2500        0   0.0000000000000000E+00   4.4562520075270839E+00   9.1008160175907149E-01   0.0000000000000000E+00   1.3981374963141519E-01  -5.9641468737980330E-01   3.6066581058745682E-02   4.3474152939875270E-02   4.7259635437537688E-02   6.0756920018960980E-01   1.1087051415836768E-15   1.1840207074804770E+01  -4.9088795173704514E-01   2.7483116486493833E-02   6.7000000000000002E-05   1.1813099700000002E+02   2.3660000000000000E-03   3.3654000000000010E-02   1.1816729700000000E+02   2.5000000000000001E-05
 
       1       29   2.4310173228346454E+01     2500        0   0.0000000000000000E+00   4.4747805129563076E+00   9.0946954755537668E-01   0.0000000000000000E+00   1.3900377447731344E-01  -5.9502268227228716E-01   3.6066581058745682E-02   4.3480855963429613E-02   4.7431896310820898E-02   6.0756920018960980E-01   1.1087051415836768E-15   1.1839877789101717E+01  -4.9088795173704514E-01   2.7483116486493833E-02   6.3999999999999997E-05   1.1772560400000000E+02   8.7000000000000001E-05   1.4619999999999999E-02   1.1774052500000001E+02   2.5000000000000001E-05
 
       1       30   2.5178393700787399E+01     2500        0   0.0000000000000000E+00   4.4812252846225604E+00   9.0878775534871070E-01   0.0000000000000000E+00   1.3695812861003681E-01  -5.9417308510333444E-01   3.6066581058745682E-02   4.3480716726205258E-02   4.7589553993335393E-02   6.0756920018960980E-01   1.1087051415836768E-15   1.1839532157101457E+01  -4.9088795173704514E-01   2.7483116486493833E-02   6.6000000000000005E-05   7.6717180000000013E+01   1.3400000000000000E-04   2.8596999999999997E-02   7.6746056999999993E+01   1.3990000000000001E-03
 
       1       31   2.6046614173228345E+01     2500        0   0.0000000000000000E+00   4.4698073380507086E+00   9.0809005868911286E-01   0.0000000000000000E+00   1.3391608431052737E-01  -5.9395387217686069E-01   3.6066581058745682E-02   4.3477485453464852E-02   4.7719306850862182E-02   6.0756920018960980E-01   1.1093556628871681E-15   1.1839170864793106E+01  -4.9088795173704514E-01   2.7483116486493833E-02   2.3110000000000001E-03   8.0780785000000009E+01   7.8999999999999996E-05   3.7884000000000001E-02   8.0823173999999995E+01   2.4000000000000001E-05
 
       1       32   2.6914834645669288E+01     2500        0   0.0000000000000000E+00   4.4557088553665078E+00   9.0753694957800568E-01   0.0000000000000000E+00   1.3026771377447166E-01  -5.9437848165505136E-01   3.6066581058745682E-02   4.3479845707175835E-02   4.7863688582343161E-02   6.0756920018960980E-01   1.1087051415836768E-15   1.1838794792879757E+01  -4.9088795173704514E-01   2.7483116486493833E-02   6.7000000000000002E-05   1.0319960200000000E+02   2.8600000000000007E-04   2.8742999999999998E-02   1.0322890099999999E+02   3.6999999999999998E-05
 
       1       33   2.7783055118110234E+01     2500        0   0.0000000000000000E+00   4.4562960243286796E+00   9.0734414021961296E-01   0.0000000000000000E+00   1.2644971413287476E-01  -5.9544838057252181E-01   3.6066581058745682E-02   4.3479441960324397E-02   4.7978543311543581E-02   6.0756920018960980E-01   1.1087051415836768E-15   1.1838404955743457E+01  -4.9088795173704514E-01   2.7483116486493833E-02   1.1400000000000001E-04   1.1086874599999999E+02   1.6100000000000004E-04   3.9758000000000002E-02   1.1091010799999999E+02   2.5999999999999998E-05
 
       1       34   2.8651275590551180E+01     2500        0   0.0000000000000000E+00   4.4725049005270909E+00   9.0763877810355775E-01   0.0000000000000000E+00   1.2288092755950340E-01  -5.9712171355622390E-01   3.6066581058745682E-02   4.3479704779051651E-02   4.8068198775487271E-02   6.0756920018960980E-01   1.1087051415836768E-15   1.1838002506833943E+01  -4.9088795173704514E-01   2.7483116486493833E-02   6.7000000000000002E-05   1.1805922500000000E+02   3.9799999999999997E-04   1.4571999999999998E-02   1.1807461400000000E+02   2.5999999999999998E-05
 
       1       35   2.9519496062992122E+01     2500        0   0.0000000000000000E+00   4.4846812250660317E+00   9.0836460600602198E-01   0.0000000000000000E+00   1.1988050828582256E-01  -5.9928030046181613E-01   3.6066581058745682E-02   4.3480068505274583E-02   4.8161342895374423E-02   6.0756920018960980E-01   1.1087051415836768E-15   1.1837588804576907E+01  -4.9088795173704514E-01   2.7483116486493833E-02   6.6000000000000005E-05   1.1932216700000001E+02   1.2979999999999999E-03   2.2178999999999997E-02   1.1934578300000000E+02   2.5000000000000001E-05
 
       1       36   3.0387716535433068E+01     2500        0   0.0000000000000000E+00   4.4784210190857880E+00   9.0939239805087302E-01   0.0000000000000000E+00   1.1767914725312578E-01  -6.0173739778538815E-01   3.6066581058745682E-02   4.3477055244970655E-02   4.8218497992804837E-02   6.0756920018960980E-01   1.1102230246251565E-15   1.1837165321314998E+01  -4.9088795173704514E-01   2.7483116486493833E-02   7.7999999999999999E-05   1.1856774899999999E+02   7.9300000000000019E-04   2.1173999999999998E-02   1.1859020000000000E+02   4.0000000000000003E-05
 
       1       37   3.1255937007874014E+01     2500        0   0.0000000000000000E+00   4.4556783038907799E+00   9.1063588285027497E-01   0.0000000000000000E+00   1.1641078183048172E-01  -6.0432441017948302E-01   3.6066581058745682E-02   4.3480812377365070E-02   4.8253974772084575E-02   6.0756920018960980E-01   1.1102230246251565E-15   1.1836733696031310E+01  -4.9088795173704514E-01   2.7483116486493833E-02   6.4999999999999994E-05   1.1064101800000000E+02   8.3400000000000000E-04   3.1133999999999998E-02   1.1067327400000001E+02   2.3300000000000000E-04
 
       1       38   3.2124157480314963E+01     2500        0   0.0000000000000000E+00   4.4355153238633935E+00   9.1194730404470459E-01   0.0000000000000000E+00   1.1611316901669183E-01  -6.0687817950632195E-01   3.6066581058745682E-02   4.3480912033923097E-02   4.8279646701403188E-02   6.0756920018960980E-01   1.1102230246251565E-15   1.1836295755899824E+01  -4.9088795173704514E-01   2.7483116486493833E-02   7.9299999999999998E-04   8.9287393999999992E+01   3.0479999999999999E-03   6.7759000000000014E-02   8.9360967000000002E+01   1.0709999999999999E-03
 
       1       39   3.2992377952755909E+01     2500        0   0.0000000000000000E+00   4.4325174873224169E+00   9.1310984150285157E-01   0.0000000000000000E+00   1.1674310357934538E-01  -6.0918896034326031E-01   3.6066581058745682E-02   4.3474503096262926E-02   4.8264700959252144E-02   6.0756920018960980E-01   1.1102230246251565E-15   1.1835853429080538E+01  -4.9088795173704514E-01   2.7483116486493833E-02   1.5809999999999999E-03   7.6927539999999979E+01   7.5899999999999991E-04   5.1887000000000003E-02   7.6983114000000000E+01   1.6000000000000001E-04
 
       1       40   3.3860598425196855E+01     2500        0   0.0000000000000000E+00   4.4447621952944054E+00   9.1392267694164664E-01   0.0000000000000000E+00   1.1817811019955005E-01  -6.1103539840811738E-01   3.6066581058745682E-02   4.3480809747104228E-02   4.8231127096176468E-02   6.0756920018960980E-01   1.1102230246251565E-15   1.1835408831141947E+01  -4.9088795173704514E-01   2.7483116486493833E-02   3.2780000000000001E-03   9.2324974999999995E+01   1.5019999999999999E-03   6.2934999999999991E-02   9.2395154000000005E+01   2.5000000000000001E-05
 
       1       41   3.4728818897637794E+01     2500        0   0.0000000000000000E+00   4.4636389368982545E+00   9.1427639073352363E-01   0.0000000000000000E+00   1.2024844240935390E-01  -6.1224648105836843E-01   3.6066581058745682E-02   4.3480646495765808E-02   4.8175690984154244E-02   6.0756920018960980E-01   1.1087051415836768E-15   1.1834964225952323E+01  -4.9088795173704514E-01   2.7483116486493833E-02   6.3999999999999997E-05   1.1611414099999999E+02   7.1500000000000003E-04   2.1120000000000007E-02   1.1613663400000000E+02   2.5999999999999998E-05
 
       1       42   3.5597039370078740E+01     2500        0   0.0000000000000000E+00   4.4683708782510951E+00   9.1412280285987679E-01   0.0000000000000000E+00   1.2275804381152565E-01  -6.1273544236267963E-01   3.6066581058745682E-02   4.3477734009513817E-02   4.8075507454844069E-02   6.0756920018960980E-01   1.1087051415836768E-15   1.1834521974301907E+01  -4.9088795173704514E-01   2.7483116486493833E-02   6.7000000000000002E-05   1.1865991999999999E+02   3.2380000000000000E-03   1.9098999999999998E-02   1.1868244700000000E+02   2.5000000000000001E-05
 
       1       43   3.6465259842519686E+01     2500        0   0.0000000000000000E+00   4.4582403144446934E+00   9.1344088046218064E-01   0.0000000000000000E+00   1.2553118677346847E-01  -6.1244876028231110E-01   3.6066581058745682E-02   4.3479698424846627E-02   4.7959624111359400E-02   6.0756920018960980E-01   1.1087051415836768E-15   1.1834084629078870E+01  -4.9088795173704514E-01   2.7483116486493833E-02   6.7000000000000002E-05   1.1361988200000000E+02   5.0799999999999999E-04   2.8900999999999996E-02   1.1364963700000000E+02   4.9500000000000000E-04
 
       1       44   3.7333480314960632E+01     2500        0   0.0000000000000000E+00   4.4467668462141532E+00   9.1229860848393129E-01   0.0000000000000000E+00   1.2839168204358400E-01  -6.1138380253148750E-01   3.6066581058745682E-02   4.3479270363370820E-02   4.7811226012470620E-02   6.0756920018960980E-01   1.1087051415836768E-15   1.1833654838058848E+01  -4.9088795173704514E-01   2.7483116486493833E-02   2.9100000000000003E-04   7.8071825000000004E+01   8.2000000000000001E-05   6.9767999999999997E-02   7.8142447000000004E+01   1.0600000000000000E-04
 
       1       45   3.8201700787401577E+01     2500        0   0.0000000000000000E+00   4.4459122279039924E+00   9.1085361816033283E-01   0.0000000000000000E+00   1.3114658422036637E-01  -6.0963422350462615E-01   3.6066581058745682E-02   4.3479851866427985E-02   4.7614697508737792E-02   6.0909401880703962E-01   1.1087051415836768E-15   1.1833235349621949E+01  -4.9088795173704514E-01   2.7483116486493833E-02   6.2310000000000004E-03   7.4971565999999996E+01   7.4999999999999993E-05   2.2959999999999991E-02   7.5001478000000006E+01   2.5000000000000001E-05
 
       1       46   3.9069921259842523E+01     2500        0   0.0000000000000000E+00   4.4576394666993933E+00   9.0931039316415352E-01   0.0000000000000000E+00   1.3360006701325419E-01  -6.0737898452053285E-01   3.6066581058745682E-02   4.3480191376259844E-02   4.7405660360337852E-02   6.1211488881887555E-01   1.1087051415836768E-15   1.1832829082856261E+01  -4.9088795173704514E-01   2.7483116486493833E-02   6.7999999999999999E-05   1.0870180900000000E+02   3.0600000000000001E-04   2.9554999999999998E-02   1.0873181800000000E+02   2.5999999999999998E-05
 
       1       47   3.9938141732283469E+01     2500        0   0.0000000000000000E+00   4.4631807854066450E+00   9.0785285297549478E-01   0.0000000000000000E+00   1.3555285460586436E-01  -6.0484365802133788E-01   3.6066581058745682E-02   4.3476782147206849E-02   4.7154972717963886E-02   6.1486889525568911E-01   1.1102230246251565E-15   1.1832438998276780E+01  -4.9088795173704514E-01   2.7483116486493833E-02   7.4999999999999993E-05   1.2001434500000001E+02   4.8899999999999996E-04   2.3740000000000004E-02   1.2003873200000000E+02   2.5999999999999998E-05
 
       1       48   4.0806362204724408E+01     2500        0   0.0000000000000000E+00   4.4576725278609075E+00   9.0666943355781893E-01   0.0000000000000000E+00   1.3684292012605645E-01  -6.0227404513108085E-01   3.6066581058745682E-02   4.3480858131202088E-02   4.6853750618504594E-02   6.1732666863366970E-01   1.1087051415836768E-15   1.1832068163940820E+01  -4.9088795173704514E-01   2.7483116486493833E-02   6.7999999999999999E-05   1.2013218400000002E+02   4.8900000000000007E-04   2.6673000000000002E-02   1.2015980700000000E+02   2.5000000000000001E-05
 
       1       49   4.1674582677165354E+01     2500        0   0.0000000000000000E+00   4.4429514987267806E+00   9.0594381891828668E-01   0.0000000000000000E+00   1.3733510753569159E-01  -5.9995795105225758E-01   3.6066581058745682E-02   4.3480933804337395E-02   4.6543880502070208E-02   6.1945859142546678E-01   1.1087051415836768E-15   1.1831719764954716E+01  -4.9088795173704514E-01   2.7483116486493833E-02   6.7999999999999999E-05   1.2126062300000000E+02   4.2400000000000001E-04   4.1319999999999996E-02   1.2130255800000000E+02   2.5000000000000001E-05
 
       1       50   4.2542803149606300E+01     2500        0   0.0000000000000000E+00   4.4255959590314973E+00   9.0580091519022454E-01   0.0000000000000000E+00   1.3694755167077816E-01  -5.9819270298105887E-01   3.6066581058745682E-02   4.3474843979686414E-02   4.6184787560087745E-02   6.2123491704159806E-01   1.1087051415836768E-15   1.1831396987415136E+01  -4.9088795173704514E-01   2.7483116486493833E-02   6.3999999999999997E-05   1.2116598699999999E+02   3.5399999999999993E-04   1.8440000000000005E-02   1.2118492300000000E+02   2.5000000000000001E-05
 
       1       51   4.3411023622047246E+01     2500        0   0.0000000000000000E+00   4.4244911942976515E+00   9.0630395506218464E-01   0.0000000000000000E+00   1.3568158137937969E-01  -5.9723058606880541E-01   3.6066581058745682E-02   4.3480754305994074E-02   4.5777455057278357E-02   6.2262589830963289E-01   1.1087051415836768E-15   1.1831103123851934E+01  -4.9088795173704514E-01   2.7483116486493833E-02   6.7000000000000002E-05   1.2165493600000001E+02   8.5999999999999990E-05   2.4351000000000001E-02   1.2167959100000000E+02   2.5000000000000001E-05
 
       1       52   4.4279244094488192E+01     2500        0   0.0000000000000000E+00   4.4218242139563753E+00   9.0742509229262946E-01   0.0000000000000000E+00   1.3360876647003161E-01  -5.9723493835009800E-01   3.6066581058745682E-02   4.3480567024714124E-02   4.5359389080765380E-02   6.2360191759938477E-01   1.1093556628871681E-15   1.1830841506361935E+01  -4.9088795173704514E-01   2.7483116486493833E-02   6.4999999999999994E-05   9.8122215000000011E+01   2.4700000000000004E-04   1.0101999999999998E-02   9.8132700999999997E+01   2.5999999999999998E-05
 
       1       53   4.5147464566929138E+01     2500        0   0.0000000000000000E+00   4.4143165248162983E+00   9.0906959232712137E-01   0.0000000000000000E+00   1.3088171011783523E-01  -5.9826869536606464E-01   3.6066581058745682E-02   4.3477973304464776E-02   4.4889581117546512E-02   6.2413361819072988E-01   1.1102230246251565E-15   1.1830615442726337E+01  -4.9088795173704514E-01   2.7483116486493833E-02   7.2999999999999999E-05   1.0191348300000001E+02   5.0199999999999984E-04   1.0100700000000000E-01   1.0201528500000001E+02   2.5000000000000001E-05
 
       1       54   4.6015685039370084E+01     2500        0   0.0000000000000000E+00   4.4007043122930529E+00   9.1105468319201721E-01   0.0000000000000000E+00   1.2772186941647123E-01  -6.0028558519420261E-01   3.6066581058745682E-02   4.3479541930832061E-02   4.4377378646568592E-02   6.2419204366749648E-01   1.1084883011491797E-15   1.1830428328033207E+01  -4.9088795173704514E-01   2.7483116486493833E-02   6.7000000000000002E-05   8.3638086000000015E+01   8.2300000000000006E-04   2.1661999999999997E-02   8.3660713000000001E+01   6.8099999999999996E-04
 
       1       55   4.6883905511811022E+01     2500        0   0.0000000000000000E+00   4.3961868387339047E+00   9.1311580150292493E-01   0.0000000000000000E+00   1.2441034835597026E-01  -6.0310931073410623E-01   3.6066581058745682E-02   4.3479089513411465E-02   4.3849450223031654E-02   6.2374877496855763E-01   1.1102230246251565E-15   1.1830283509813864E+01  -4.9088795173704514E-01   2.7483116486493833E-02   5.7499999999999999E-04   1.0309103899999999E+02   7.7199999999999990E-04   2.3207000000000002E-02   1.0311671400000000E+02   2.5999999999999998E-05
 
       1       56   4.7752125984251968E+01     2500        0   0.0000000000000000E+00   4.4043726992939973E+00   9.1495224469965297E-01   0.0000000000000000E+00   1.2126693501348842E-01  -6.0645182816855014E-01   3.6066581058745682E-02   4.3479989704889109E-02   4.3270897018765700E-02   6.2278080648191037E-01   1.1084883011491797E-15   1.1830184299834976E+01  -4.9088795173704514E-01   2.7483116486493833E-02   6.7999999999999999E-05   1.1671516899999999E+02   3.4799999999999995E-04   3.5113999999999986E-02   1.1675077100000000E+02   2.5000000000000001E-05
 
       1       57   4.8620346456692907E+01     2500        0   0.0000000000000000E+00   4.4223005365232346E+00   9.1626071237811513E-01   0.0000000000000000E+00   1.1861782903792918E-01  -6.0993333342148670E-01   3.6066581058745682E-02   4.3480305031164276E-02   4.2657537575147286E-02   6.2126058396976414E-01   1.1102230246251565E-15   1.1830134049264245E+01  -4.9088795173704514E-01   2.7483116486493833E-02   6.7000000000000002E-05   1.2288610199999999E+02   1.6389999999999998E-03   2.5474999999999998E-02   1.2291336000000000E+02   2.5999999999999998E-05
 
       1       58   4.9488566929133853E+01     2500        0   0.0000000000000000E+00   4.4424131626342485E+00   9.1679890504335948E-01   0.0000000000000000E+00   1.1676369493753957E-01  -6.1313500045625591E-01   3.6066581058745682E-02   4.3476499784359801E-02   4.3004953582918788E-02   6.2232903168188247E-01   1.1084883011491797E-15   1.1830135983348633E+01  -4.9088795173704514E-01   2.7483116486493833E-02   6.7000000000000002E-05   1.1533039599999998E+02   1.6119999999999999E-03   2.2043000000000000E-02   1.1535420400000000E+02   2.8000000000000000E-05
 
       1       59   5.0356787401574799E+01     2500        0   0.0000000000000000E+00   4.4473950432470790E+00   9.1643433505345206E-01   0.0000000000000000E+00   1.1596456428499682E-01  -6.1565410911948359E-01   3.6066581058745682E-02   4.3480894648622481E-02   4.3571020169707757E-02   6.2340780069549973E-01   1.1102230246251565E-15   1.1830193287802597E+01  -4.9088795173704514E-01   2.7483116486493833E-02   1.7639999999999999E-03   9.3217362000000008E+01   8.0000000000000007E-05   3.9655000000000003E-02   9.3260350000000003E+01   1.3669999999999999E-03
 
       1       60   5.1225007874015745E+01     2500        0   0.0000000000000000E+00   4.4390557088512050E+00   9.1519683869929169E-01   0.0000000000000000E+00   1.1638546090591451E-01  -6.1716796203101654E-01   3.6066581058745682E-02   4.3480946345676050E-02   4.4167711347687412E-02   6.2404828475043472E-01   1.1084883011491797E-15   1.1830309106855145E+01  -4.9088795173704514E-01   2.7483116486493833E-02   2.1699999999999999E-04   8.5136124999999993E+01   2.5980000000000000E-03   3.3725000000000005E-02   8.5174135000000007E+01   2.6999999999999999E-05
 
       1       61   5.2093228346456691E+01     2500        0   0.0000000000000000E+00   4.4216129273328857E+00   9.1329063779351050E-01   0.0000000000000000E+00   1.1805162584456469E-01  -6.1748844527874913E-01   3.6066581058745682E-02   4.3475175591215005E-02   4.4813613583858762E-02   6.2422172134050713E-01   1.1084883011491797E-15   1.1830486404588637E+01  -4.9088795173704514E-01   2.7483116486493833E-02   6.0999999999999997E-04   9.2141538999999995E+01   2.0600000000000005E-04   7.9104999999999995E-02   9.2223635999999999E+01   4.1000000000000000E-05
 
       1       62   5.2961448818897630E+01     2500        0   0.0000000000000000E+00   4.4099938246857420E+00   9.1106955875783791E-01   0.0000000000000000E+00   1.2085120406713616E-01  -6.1657411568621323E-01   3.6066581058745682E-02   4.3480689641281017E-02   4.5473649881307150E-02   6.2389985398370840E-01   1.1084883011491797E-15   1.1830728095987018E+01  -4.9088795173704514E-01   2.7483116486493833E-02   8.7999999999999998E-05   1.2011369000000001E+02   4.5800000000000002E-04   5.6749000000000001E-02   1.2017127800000000E+02   2.3000000000000000E-05
 
       1       63   5.3829669291338575E+01     2500        0   0.0000000000000000E+00   4.4184192159900260E+00   9.0894112042037190E-01   0.0000000000000000E+00   1.2451738957548959E-01  -6.1454208678802125E-01   3.6066581058745682E-02   4.3480478311906615E-02   4.6178655441716787E-02   6.2306311877586873E-01   1.1084883011491797E-15   1.1831036953992079E+01  -4.9088795173704514E-01   2.7483116486493833E-02   7.1000000000000005E-05   1.2741941100000001E+02   1.9340000000000000E-03   1.3690000000000003E-02   1.2743517900000001E+02   2.5999999999999998E-05
 
       1       64   5.4697889763779521E+01     2500        0   0.0000000000000000E+00   4.4285813745198057E+00   9.0727359974941058E-01   0.0000000000000000E+00   1.2867549721754037E-01  -6.1163932361874129E-01   3.6066581058745682E-02   4.3478203339415905E-02   4.6911586604484308E-02   6.2167971273562128E-01   1.1084883011491797E-15   1.1831415542676501E+01  -4.9088795173704514E-01   2.7483116486493833E-02   7.3999999999999996E-05   9.5469572000000014E+01   1.9200000000000000E-04   2.9907000000000000E-02   9.5500377999999998E+01   5.4100000000000003E-04
 
       1       65   5.5566110236220467E+01     2500        0   0.0000000000000000E+00   4.4241188828914781E+00   9.0632456490161384E-01   0.0000000000000000E+00   1.3286193021359988E-01  -6.0821280520572396E-01   3.6066581058745682E-02   4.3479376226342618E-02   4.7655012700015716E-02   6.1972261465793588E-01   1.1102230246251565E-15   1.1831866350548726E+01  -4.9088795173704514E-01   2.7483116486493833E-02   2.9180000000000000E-03   5.9691721999999992E+01   8.4700000000000010E-04   2.4387999999999996E-02   5.9721648000000002E+01   2.2800000000000001E-04
 
       1       66   5.6434330708661413E+01     2500        0   0.0000000000000000E+00   4.4040723575041003E+00   9.0619393892946476E-01   0.0000000000000000E+00   1.3658352918177569E-01  -6.0465083486579085E-01   3.6066581058745682E-02   4.3478899409331508E-02   4.8454412090656609E-02   6.1716693936231337E-01   1.1084883011491797E-15   1.1832391622580216E+01  -4.9088795173704514E-01   2.7483116486493833E-02   1.5620000000000000E-03   1.1707863400000002E+02   7.1099999999999983E-04   7.4766999999999986E-02   1.1715671399999999E+02   2.5000000000000001E-05
 
       1       67   5.7302551181102359E+01     2500        0   0.0000000000000000E+00   4.3912956153299048E+00   9.0685227308988403E-01   0.0000000000000000E+00   1.3940659910920508E-01  -6.0131673089006843E-01   3.6066581058745682E-02   4.3480118295561997E-02   4.9260097579204826E-02   6.1399781508880824E-01   1.1102230246251565E-15   1.1832993389239022E+01  -4.9088795173704514E-01   2.7483116486493833E-02   6.7999999999999999E-05   1.2707398000000001E+02   7.5500000000000003E-04   3.6021999999999998E-02   1.2711124200000000E+02   2.5000000000000001E-05
 
       1       68   5.8170771653543305E+01     2500        0   0.0000000000000000E+00   4.3868851133933724E+00   9.0815797227113548E-01   0.0000000000000000E+00   1.4100800416391682E-01  -5.9851293878345091E-01   3.6066581058745682E-02   4.3480409468789512E-02   5.0086577873855370E-02   6.1019498423441487E-01   1.1102230246251565E-15   1.1833673550264539E+01  -4.9088795173704514E-01   2.7483116486493833E-02   6.7000000000000002E-05   8.5769998000000001E+01   6.5599999999999990E-04   2.0957999999999997E-02   8.5791989999999998E+01   2.5999999999999998E-05
 
       1       69   5.9038992125984244E+01     2500        0   0.0000000000000000E+00   4.3951992377432436E+00   9.0987905815949277E-01   0.0000000000000000E+00   1.4122458059853210E-01  -5.9643921030253810E-01   3.6066581058745682E-02   4.3476208155343601E-02   5.0946479912031870E-02   6.0756920028879347E-01   1.1102230246251565E-15   1.1834433682271047E+01  -4.9088795173704514E-01   2.7483116486493833E-02   7.1000000000000005E-05   7.6553790000000006E+01   2.9900000000000000E-04   8.4103000000000011E-02   7.6638349000000005E+01   2.5999999999999998E-05
 
       1       70   5.9907212598425190E+01     2500        0   0.0000000000000000E+00   4.4008382549729888E+00   9.1171274378654044E-01   0.0000000000000000E+00   1.4004288393596118E-01  -5.9519688194296916E-01   3.6066581058745682E-02   4.3480921930781999E-02   5.1806012801475322E-02   6.0756919996073877E-01   1.1087051415836768E-15   1.1835275155501979E+01  -4.9088795173704514E-01   2.7483116486493833E-02   6.7999999999999999E-05   1.1005248400000002E+02   2.8499999999999999E-04   2.3841999999999999E-02   1.1007675399999999E+02   4.0000000000000003E-05
 
       1       71   6.0775433070866136E+01     2500        0   0.0000000000000000E+00   4.4041244170662122E+00   9.1333537931342990E-01   0.0000000000000000E+00   1.3761582170724876E-01  -5.9478851246681097E-01   3.6066581058745682E-02   4.3480949656769359E-02   5.2693931976798454E-02   6.0756920040293660E-01   1.1102230246251565E-15   1.1836199123996977E+01  -4.9088795173704514E-01   2.7483116486493833E-02   6.7000000000000002E-05   1.2737293199999998E+02   9.0899999999999965E-04   2.9043000000000006E-02   1.2740302300000000E+02   2.5999999999999998E-05
 
       1       72   6.1643653543307082E+01     2500        0   0.0000000000000000E+00   4.4060958478008434E+00   9.1446306055104531E-01   0.0000000000000000E+00   1.3419509907220212E-01  -5.9513444943576899E-01   3.6066581058745682E-02   4.3475497931920556E-02   5.3592487588991523E-02   6.0756920012410642E-01   1.1093556628871681E-15   1.1837206376862209E+01  -4.9088795173704514E-01   2.7483116486493833E-02   6.7999999999999999E-05   1.2736588600000002E+02   9.2299999999999999E-04   2.3988999999999996E-02   1.2739094600000000E+02   2.4000000000000001E-05
 
       1       73   6.2511874015748027E+01     2500        0   0.0000000000000000E+00   4.4101774375226110E+00   9.1492879280046513E-01   0.0000000000000000E+00   1.3010429676386787E-01  -5.9610828080284539E-01   3.6066581058745682E-02   4.3480615754149528E-02   5.4482662732357599E-02   6.0756920005470660E-01   1.1102230246251565E-15   1.1838297502439064E+01  -4.9088795173704514E-01   2.7483116486493833E-02   6.4999999999999994E-05   1.2948795900000002E+02   2.1000000000000001E-04   3.5700999999999997E-02   1.2952431100000001E+02   2.5000000000000001E-05
 
       1       74   6.3380094488188973E+01     2500        0   0.0000000000000000E+00   4.4115827470908986E+00   9.1472754173996962E-01   0.0000000000000000E+00   1.2572111293710284E-01  -5.9755710719531085E-01   3.6066581058745682E-02   4.3480380356202331E-02   5.5406018867364376E-02   6.0756920044895013E-01   1.1087051415836768E-15   1.1839472774997441E+01  -4.9088795173704514E-01   2.7483116486493833E-02   6.4999999999999994E-05   1.1273876500000001E+02   1.9319999999999997E-03   1.5583000000000000E-02   1.1275641899999999E+02   2.5000000000000001E-05
 
       1       75   6.4248314960629926E+01     2500        0   0.0000000000000000E+00   4.3948972778378614E+00   9.1396437606489322E-01   0.0000000000000000E+00   1.2141787898309278E-01  -5.9931731426840240E-01   3.6066581058745682E-02   4.3478424115467977E-02   5.6317413308497925E-02   6.0756919998461745E-01   1.1087051415836768E-15   1.1840732098897465E+01  -4.9088795173704514E-01   2.7483116486493833E-02   6.7000000000000002E-05   8.6799986999999987E+01   8.2400000000000008E-04   4.3679000000000003E-02   8.6844678999999999E+01   8.4099999999999995E-04
 
       1       76   6.5116535433070865E+01     2500        0   0.0000000000000000E+00   4.3777446836028435E+00   9.1283652099150980E-01   0.0000000000000000E+00   1.1758496649055211E-01  -6.0118945655878298E-01   3.6066581058745682E-02   4.3479201312591406E-02   5.7220835687189074E-02   6.0756920018163629E-01   1.1087051415836768E-15   1.1842075168060058E+01  -4.9088795173704514E-01   2.7483116486493833E-02   4.5300000000000001E-04   9.0280295000000010E+01   1.4999999999999996E-04   3.7396000000000006E-02   9.0318596999999997E+01   2.5000000000000001E-05
 
       1       77   6.5984755905511818E+01     2500        0   0.0000000000000000E+00   4.3704140109328513E+00   9.1159080073947130E-01   0.0000000000000000E+00   1.1455069401722554E-01  -6.0297218671775354E-01   3.6066581058745682E-02   4.3478700050018845E-02   5.8140277476222531E-02   6.0756920040659546E-01   1.1102230246251565E-15   1.1843501274555676E+01  -4.9088795173704514E-01   2.7483116486493833E-02   6.6000000000000005E-05   1.1257192100000002E+02   7.4999999999999993E-05   5.9032000000000001E-02   1.1263117200000001E+02   2.5000000000000001E-05
 
       1       78   6.6852976377952757E+01     2500        0   0.0000000000000000E+00   4.3815028627957062E+00   9.1046945931598056E-01   0.0000000000000000E+00   1.1261525989144752E-01  -6.0446434317188869E-01   3.6066581058745682E-02   4.3480237639576265E-02   5.9035377594451065E-02   6.0756919993008685E-01   1.1087051415836768E-15   1.1845009367253468E+01  -4.9088795173704514E-01   2.7483116486493833E-02   8.2999999999999998E-05   1.2749363099999998E+02   1.9960000000000004E-03   2.6439999999999998E-02   1.2752222800000000E+02   2.5999999999999998E-05
 
       1       79   6.7721196850393710E+01     2500        0   0.0000000000000000E+00   4.4117648898026864E+00   9.0965673112418732E-01   0.0000000000000000E+00   1.1203888011733551E-01  -6.0544471534697930E-01   3.6066581058745682E-02   4.3480504687939847E-02   5.9922745579306880E-02   6.0756920031042916E-01   1.1087051415836768E-15   1.1846598146727231E+01  -4.9088795173704514E-01   2.7483116486493833E-02   6.7999999999999999E-05   1.2835453999999999E+02   4.9899999999999999E-04   2.9516999999999998E-02   1.2838501299999999E+02   2.5000000000000001E-05
 
       1       80   6.8589417322834649E+01     2500        0   0.0000000000000000E+00   4.4217566983523238E+00   9.0923783689937465E-01   0.0000000000000000E+00   1.1299418100875340E-01  -6.0569487311098291E-01   3.6066581058745682E-02   4.3475907259074957E-02   6.0804799986694788E-02   6.0756920027441175E-01   1.1087051415836768E-15   1.1848265859769480E+01  -4.9088795173704514E-01   2.7483116486493833E-02   6.7000000000000002E-05   1.2544652899999998E+02   1.2730000000000000E-03   1.7479000000000001E-02   1.2546579900000000E+02   2.5000000000000001E-05
 
       1       81   6.9457637795275588E+01     2500        0   0.0000000000000000E+00   4.4103239850559763E+00   9.0922227194968064E-01   0.0000000000000000E+00   1.1556472441807333E-01  -6.0500229596038813E-01   3.6066581058745682E-02   4.3480939978839075E-02   6.1651970558992249E-02   6.0756919996712488E-01   1.1087051415836768E-15   1.1850010454359218E+01  -4.9088795173704514E-01   2.7483116486493833E-02   6.6000000000000005E-05   8.5457111000000012E+01   5.4599999999999994E-04   7.3772999999999991E-02   8.5532150000000001E+01   2.5999999999999998E-05
 
       1       82   7.0325858267716541E+01     2500        0   0.0000000000000000E+00   4.3920584285896931E+00   9.0953885080545127E-01   0.0000000000000000E+00   1.1962662551603885E-01  -6.0323649432354953E-01   3.6066581058745682E-02   4.3480943736450284E-02   6.2489104269303812E-02   6.0756920040998608E-01   1.1087051415836768E-15   1.1851829565683447E+01  -4.9088795173704514E-01   2.7483116486493833E-02   6.7000000000000002E-05   8.9504773999999998E+01   8.2000000000000001E-05   1.4166000000000000E-02   8.9519157000000007E+01   1.7450000000000000E-03
 
       1       83   7.1194078740157480E+01     2500        0   0.0000000000000000E+00   4.3872027166403793E+00   9.1005447809036599E-01   0.0000000000000000E+00   1.2488978382019696E-01  -6.0036120219569933E-01   3.6066581058745682E-02   4.3475811002877611E-02   6.3300985915436758E-02   6.0756920010937510E-01   1.1087051415836768E-15   1.1853720372787247E+01  -4.9088795173704514E-01   2.7483116486493833E-02   1.1018000000000000E-02   1.0255498300000001E+02   5.2899999999999985E-04   4.2714000000000002E-02   1.0261388100000001E+02   2.5000000000000001E-05
 
       1       84   7.2062299212598433E+01     2500        0   0.0000000000000000E+00   4.4019805780785219E+00   9.1060135266289588E-01   0.0000000000000000E+00   1.3083201762119975E-01  -5.9645161234254274E-01   3.6066581058745682E-02   4.3480532645786676E-02   6.4067052923646423E-02   6.0756920006538673E-01   1.1087051415836768E-15   1.1855679798658031E+01  -4.9088795173704514E-01   2.7483116486493833E-02   6.7999999999999999E-05   1.2703847200000001E+02   2.0700000000000004E-04   1.9498000000000005E-02   1.2705891300000000E+02   6.0999999999999999E-05
 
       1       85   7.2930519685039371E+01     2500        0   0.0000000000000000E+00   4.4168259510713366E+00   9.1104340191822941E-01   0.0000000000000000E+00   1.3675499701612812E-01  -5.9174921651605594E-01   3.6066581058745682E-02   4.3480273156462947E-02   6.4818515947855315E-02   6.0756920044920681E-01   1.1087051415836768E-15   1.1857704383970034E+01  -4.9088795173704514E-01   2.7483116486493833E-02   6.6000000000000005E-05   1.2631474600000001E+02   1.7200000000000001E-04   2.3002000000000002E-02   1.2633818800000000E+02   2.5999999999999998E-05
 
       1       86   7.3798740157480324E+01     2500        0   0.0000000000000000E+00   4.4243525414271030E+00   9.1132275245196814E-01   0.0000000000000000E+00   1.4193838041678414E-01  -5.8661915592822311E-01   3.6066581058745682E-02   4.3478635633724429E-02   6.5526617705195550E-02   6.0756919997536452E-01   1.1087051415836768E-15   1.1859790255489225E+01  -4.9088795173704514E-01   2.7483116486493833E-02   6.7999999999999999E-05   1.1957799000000000E+02   1.4380000000000000E-03   3.6446000000000006E-02   1.1961686200000000E+02   4.5500000000000000E-04
 
       1       87   7.4666960629921263E+01     2500        0   0.0000000000000000E+00   4.4119129982442642E+00   9.1143528785598260E-01   0.0000000000000000E+00   1.4563561725324523E-01  -5.8154627940924775E-01   3.6066581058745682E-02   4.3479144571164252E-02   6.6177950080542239E-02   6.0756920019377625E-01   1.1087051415836768E-15   1.1861933310573455E+01  -4.9088795173704514E-01   2.7483116486493833E-02   7.1400000000000001E-04   1.1971811699999998E+02   6.2000000000000000E-04   3.0422999999999995E-02   1.1975140100000000E+02   5.7000000000000003E-05
 
       1       88   7.5535181102362202E+01     2500        0   0.0000000000000000E+00   4.3880667592924603E+00   9.1145082457037485E-01   0.0000000000000000E+00   1.4727609516563844E-01  -5.7705561004282346E-01   3.6066581058745682E-02   4.3478491434363963E-02   6.6808229218938239E-02   6.0756920039758455E-01   1.1087051415836768E-15   1.1864129014446695E+01  -4.9088795173704514E-01   2.7483116486493833E-02   6.7999999999999999E-05   1.1160484799999999E+02   7.9099999999999993E-04   4.8111000000000001E-02   1.1165444200000000E+02   3.6999999999999998E-05
 
       1       89   7.6403401574803155E+01     2500        0   0.0000000000000000E+00   4.3747357853623985E+00   9.1145002301142930E-01   0.0000000000000000E+00   1.4650786708293823E-01  -5.7362460205719457E-01   3.6066581058745682E-02   4.3480347738064175E-02   6.7379264868098379E-02   6.0756919993010716E-01   1.1087051415836768E-15   1.1866372495958560E+01  -4.9088795173704514E-01   2.7483116486493833E-02   1.1200000000000000E-04   9.9052082999999996E+01   9.1999999999999987E-05   1.9262000000000001E-02   9.9071645000000004E+01   2.5999999999999998E-05
 
       1       90   7.7271622047244094E+01     2500        0   0.0000000000000000E+00   4.3748340137521540E+00   9.1148622381498290E-01   0.0000000000000000E+00   1.4331853429057484E-01  -5.7160573825444894E-01   3.6066581058745682E-02   4.3480590687422091E-02   6.7882940743247480E-02   6.0756920032119155E-01   1.1087051415836768E-15   1.1868658651592343E+01  -4.9088795173704514E-01   2.7483116486493833E-02   6.7000000000000002E-05   1.1844965800000000E+02   4.5800000000000002E-04   4.5981000000000008E-02   1.1849637100000000E+02   1.7899999999999999E-04
 
       1       91   7.8139842519685047E+01     2500        0   0.0000000000000000E+00   4.4070054130358844E+00   9.1159703984198626E-01   0.0000000000000000E+00   1.3813612430639219E-01  -5.7110702410539127E-01   3.6066581058745682E-02   4.3475597094473295E-02   6.8357702011168642E-02   6.0756920025975669E-01   1.1087051415836768E-15   1.1870981941926846E+01  -4.9088795173704514E-01   2.7483116486493833E-02   3.6970000000000002E-03   1.1999326700000000E+02   4.3500000000000000E-04   6.1865000000000003E-02   1.2006162399999999E+02   3.6000000000000001E-05
 
       1       92   7.9008062992125986E+01     2500        0   0.0000000000000000E+00   4.4465827434628338E+00   9.1175665755698765E-01   0.0000000000000000E+00   1.3164496194951600E-01  -5.7201535890985133E-01   3.6066581058745682E-02   4.3480948793954720E-02   6.8759907985451604E-02   6.0756919997401881E-01   1.1087051415836768E-15   1.1873336584633996E+01  -4.9088795173704514E-01   2.7483116486493833E-02   8.5000000000000006E-05   1.2931177800000000E+02   6.5600000000000001E-04   4.3250000000000004E-02   1.2935586599999999E+02   3.6000000000000001E-05
 
       1       93   7.9876283464566939E+01     2500        0   0.0000000000000000E+00   4.4663157724093292E+00   9.1191490143197951E-01   0.0000000000000000E+00   1.2481028417611904E-01  -5.7398337259314491E-01   3.6066581058745682E-02   4.3480928583554311E-02   6.9084927076215399E-02   6.0756920041653317E-01   1.1087051415836768E-15   1.1875716537580759E+01  -4.9088795173704514E-01   2.7483116486493833E-02   9.1000000000000003E-05   1.0221424999999999E+02   8.7099999999999992E-04   3.8059000000000003E-02   1.0225337200000000E+02   6.8199999999999999E-04
 
       1       94   8.0744503937007877E+01     2500        0   0.0000000000000000E+00   4.4613074082188104E+00   9.1201930547548493E-01   0.0000000000000000E+00   1.1871311626393033E-01  -5.7644692557093669E-01   3.6066581058745682E-02   4.3476114805163335E-02   6.9372306049889726E-02   6.0756920009490201E-01   1.1087051415836768E-15   1.1878115373946725E+01  -4.9088795173704514E-01   2.7483116486493833E-02   3.1029999999999999E-03   1.1844277500000001E+02   7.7699999999999980E-04   3.4339000000000001E-02   1.1848236400000000E+02   2.9000000000000000E-05
 
       1       95   8.1612724409448816E+01     2500        0   0.0000000000000000E+00   4.4443768177288092E+00   9.1202649189745555E-01   0.0000000000000000E+00   1.1432388611409391E-01  -5.7874215238504789E-01   3.6066581058745682E-02   4.3480440317382206E-02   6.9576661615311605E-02   6.0756920007631854E-01   1.1087051415836768E-15   1.1880526511850853E+01  -4.9088795173704514E-01   2.7483116486493833E-02   9.2000000000000000E-05   1.2919938300000001E+02   8.1499999999999986E-04   3.2773000000000004E-02   1.2923322899999999E+02   2.6999999999999999E-05
 
       1       96   8.2480944881889769E+01     2500        0   0.0000000000000000E+00   4.4504915272804739E+00   9.1195280848951921E-01   0.0000000000000000E+00   1.1236260745365589E-01  -5.8019893349706542E-01   3.6066581058745682E-02   4.3480156711552774E-02   6.9695162193828292E-02   6.0756920044870388E-01   1.1087051415836768E-15   1.1882943081532780E+01  -4.9088795173704514E-01   2.7483116486493833E-02   7.4999999999999993E-05   1.2939764800000003E+02   1.4159999999999995E-03   2.6374999999999999E-02   1.2942559700000001E+02   2.5999999999999998E-05
 
       1       97   8.3349165354330708E+01     2500        0   0.0000000000000000E+00   4.4435332262034315E+00   9.1185039418498826E-01   0.0000000000000000E+00   1.1306485120207022E-01  -5.8030708331228498E-01   3.6066581058745682E-02   4.3478837895291285E-02   6.9767043919201577E-02   6.0756919996690073E-01   1.1087051415836768E-15   1.1885357924782227E+01  -4.9088795173704514E-01   2.7483116486493833E-02   7.7000000000000001E-05   1.2897071000000000E+02   2.1550000000000007E-03   2.6404000000000000E-02   1.2899942600000000E+02   2.5999999999999998E-05
 
       1       98   8.4217385826771661E+01     2500        0   0.0000000000000000E+00   4.4660127729047332E+00   9.1178039345927298E-01   0.0000000000000000E+00   1.1615792494313022E-01  -5.7882533882986154E-01   3.6066581058745682E-02   4.3479322372276384E-02   6.9748466906082468E-02   6.0756920020590821E-01   1.1087051415836768E-15   1.1887763795049347E+01  -4.9088795173704514E-01   2.7483116486493833E-02   6.6000000000000005E-05   1.2162819099999999E+02   5.1100000000000006E-04   2.2593000000000002E-02   1.2165243200000000E+02   2.5999999999999998E-05
 
       1       99   8.5085606299212600E+01     2500        0   0.0000000000000000E+00   4.4747570901400149E+00   9.1178831248860215E-01   0.0000000000000000E+00   1.2086565825244983E-01  -5.7584131131636063E-01   3.6066581058745682E-02   4.3478273561259953E-02   6.9636904067020888E-02   6.0756920038781759E-01   1.1087051415836768E-15   1.1890153154286551E+01  -4.9088795173704514E-01   2.7483116486493833E-02   7.3999999999999996E-05   1.2889682700000000E+02   7.5299999999999998E-04   3.1870000000000002E-02   1.2892978800000000E+02   6.7000000000000002E-05
 
       1      100   8.5953826771653553E+01     2500        0   0.0000000000000000E+00   4.4728185990750546E+00   9.1187679775363839E-01   0.0000000000000000E+00   1.2610982536707746E-01  -5.7175417473776369E-01   3.6066581058745682E-02   4.3480448592160589E-02   6.9470146412532935E-02   6.0756919993087311E-01   1.1087051415836768E-15   1.1892518303428229E+01  -4.9088795173704514E-01   2.7483116486493833E-02   1.6799999999999999E-04   1.2879654800000000E+02   3.1399999999999999E-04   2.4017999999999998E-02   1.2882119700000001E+02   2.5000000000000001E-05
 
       1      101   8.6822047244094492E+01     2500        0   0.0000000000000000E+00   4.4700532398291504E+00   9.1200693069821914E-01   0.0000000000000000E+00   1.3083577374076247E-01  -5.6712371166273057E-01   3.6066581058745682E-02   4.3480667466045744E-02   6.9208620853987282E-02   6.0756920033168704E-01   1.1087051415836768E-15   1.1894851487660640E+01  -4.9088795173704514E-01   2.7483116486493833E-02   6.7000000000000002E-05   1.1361040499999999E+02   3.0600000000000001E-04   3.7832000000000005E-02   1.1364892100000000E+02   1.4410000000000000E-03
 
       1      102   8.7690267716535431E+01     2500        0   0.0000000000000000E+00   4.4702303430012211E+00   9.1213188133024004E-01   0.0000000000000000E+00   1.3420764205318930E-01  -5.6257813735592543E-01   3.6066581058745682E-02   4.3475277660460596E-02   6.8848862511196804E-02   6.0756920024487648E-01   1.1087051415836768E-15   1.1897144705978278E+01  -4.9088795173704514E-01   2.7483116486493833E-02   1.2300000000000001E-04   3.1857074999999995E+01   7.5999999999999991E-05   1.7752000000000004E-02   3.1876636999999999E+01   2.9000000000000000E-05
 
       1      103   8.8558488188976384E+01     2500        0   0.0000000000000000E+00   4.4703455256785531E+00   9.1222828911513598E-01   0.0000000000000000E+00   1.3585167083928124E-01  -5.5867757539424057E-01   3.6066581058745682E-02   4.3480948377292543E-02   6.8426417112415858E-02   6.0756919998139947E-01   1.1087051415836768E-15   1.1899389931149457E+01  -4.9088795173704514E-01   2.7483116486493833E-02   6.6000000000000005E-05   1.7419505999999998E+01   8.4999999999999993E-05   1.8274999999999996E-02   1.7438009999999998E+01   2.6999999999999999E-05
 
       1      104   8.9426708661417322E+01     2500        0   0.0000000000000000E+00   4.4781037595820061E+00   9.1228558987862851E-01   0.0000000000000000E+00   1.3587395971283245E-01  -5.5577222327885401E-01   3.6066581058745682E-02   4.3480904196919648E-02   6.7908009916492013E-02   6.0756920042255513E-01   1.1087051415836768E-15   1.1901579087415817E+01  -4.9088795173704514E-01   2.7483116486493833E-02   6.7999999999999999E-05   1.8705455000000001E+01   7.8999999999999982E-05   9.0619999999999989E-03   1.8714766000000001E+01   8.8999999999999995E-05
 
       1      105   9.0294929133858275E+01     2500        0   0.0000000000000000E+00   4.4703455247981543E+00   9.1231147765655884E-01   0.0000000000000000E+00   1.3474229699957976E-01  -5.5396375734176007E-01   3.6066581058745682E-02   4.3476409339857518E-02   6.7288308244410025E-02   6.0756920008073600E-01   1.1087051415836768E-15   1.1903703949688353E+01  -4.9088795173704514E-01   2.7483116486493833E-02   1.9100000000000001E-04   3.0068501999999999E+01   7.9999999999999993E-05   8.7549999999999989E-03   3.0077656999999999E+01   2.5999999999999998E-05
 
       1      106   9.1163149606299214E+01     2500        0   0.0000000000000000E+00   4.4703455247383008E+00   9.1232170810063751E-01   0.0000000000000000E+00   1.3310894358423203E-01  -5.5309864133558528E-01   3.6066581058745682E-02   4.3480338770128392E-02   6.6600195090334768E-02   6.0756920008747728E-01   1.1087051415836768E-15   1.1905756386801901E+01  -4.9088795173704514E-01   2.7483116486493833E-02   6.7000000000000002E-05   1.2894719000000001E+02   1.1440000000000001E-03   5.1296000000000001E-02   1.2899976899999999E+02   1.6799999999999999E-04
 
       1      107   9.2031370078740167E+01     2500        0   0.0000000000000000E+00   4.4703455215464256E+00   9.1232645475077823E-01   0.0000000000000000E+00   1.3154654225771253E-01  -5.5286222693744935E-01   3.6066581058745682E-02   4.3480031020338712E-02   6.5817921185110262E-02   6.0756920044741580E-01   1.1087051415836768E-15   1.1907728225257841E+01  -4.9088795173704514E-01   2.7483116486493833E-02   6.4000000000000005E-04   1.0547193299999998E+02   8.9600000000000009E-04   2.5169000000000004E-02   1.0550058199999999E+02   5.7799999999999995E-04
 
       1      108   9.2899590551181106E+01     2500        0   0.0000000000000000E+00   4.4703455258751097E+00   9.1233284054971708E-01   0.0000000000000000E+00   1.3042585459202985E-01  -5.5289730054999298E-01   3.6066581058745682E-02   4.3479030901277256E-02   6.4933720028470587E-02   6.0756919995927527E-01   1.1087051415836768E-15   1.1909611276203648E+01  -4.9088795173704514E-01   2.7483116486493833E-02   1.2190000000000000E-03   1.3014176300000000E+02   1.4910000000000001E-03   6.5598000000000004E-02   1.3021146200000001E+02   3.4699999999999998E-04
 
       1      109   9.3767811023622045E+01     2500        0   0.0000000000000000E+00   4.4703455235804945E+00   9.1233638548842100E-01   0.0000000000000000E+00   1.2981566551058765E-01  -5.5291804547753809E-01   3.6066581058745682E-02   4.3479490964507664E-02   6.3977815247643344E-02   6.0756920021800820E-01   1.1087051415836768E-15   1.1911397534991073E+01  -4.9088795173704514E-01   2.7483116486493833E-02   1.0809999999999999E-03   1.0353084699999999E+02   7.7999999999999985E-05   5.7233999999999993E-02   1.0359030199999999E+02   3.4000000000000000E-05
 
       1      110   9.4636031496062998E+01     2500        0   0.0000000000000000E+00   4.4703455221683353E+00   9.1233932244883775E-01   0.0000000000000000E+00   1.2952709254715158E-01  -5.5280010368504506E-01   3.6066581058745682E-02   4.3478046429602603E-02   6.2932314447137649E-02   6.0756920037734241E-01   1.1087051415836768E-15   1.1913078983564457E+01  -4.9088795173704514E-01   2.7483116486493833E-02   6.7999999999999999E-05   1.0555306200000001E+02   1.3400000000000000E-04   2.2386000000000007E-02   1.0557588600000000E+02   2.5000000000000001E-05
 
       1      111   9.5504251968503937E+01     2500        0   0.0000000000000000E+00   4.4703455261135616E+00   9.1234700118513778E-01   0.0000000000000000E+00   1.2930571143599454E-01  -5.5254267592464701E-01   3.6066581058745682E-02   4.3480540203003015E-02   6.1786857501329312E-02   6.0756919993235881E-01   1.1087051415836768E-15   1.1914647742407450E+01  -4.9088795173704514E-01   2.7483116486493833E-02   8.1000000000000004E-05   1.1600513499999998E+02   1.9500000000000002E-04   1.4645999999999998E-02   1.1602013200000000E+02   2.5000000000000001E-05
 
       1      112   9.6372472440944890E+01     2500        0   0.0000000000000000E+00   4.4703455224824644E+00   9.1235552923343155E-01   0.0000000000000000E+00   1.2897270769714203E-01  -5.5220057834668546E-01   3.6066581058745682E-02   4.3480735022622896E-02   6.0569458935200118E-02   6.0756920034189121E-01   1.1087051415836768E-15   1.1916096165383813E+01  -4.9088795173704514E-01   2.7483116486493833E-02   6.7000000000000002E-05   1.0342920200000002E+02   2.5560000000000005E-03   5.9177999999999994E-02   1.0349148000000000E+02   2.4000000000000001E-05
 
       1      113   9.7240692913385814E+01     2500        0   0.0000000000000000E+00   4.4703455234763592E+00   9.1236363738598514E-01   0.0000000000000000E+00   1.2852546158865427E-01  -5.5181835279454339E-01   3.6066581058745682E-02   4.3474948955961511E-02   5.9269452980038995E-02   6.0756920022981953E-01   1.1087051415836768E-15   1.1917416665481131E+01  -4.9088795173704514E-01   2.7483116486493833E-02   6.6000000000000005E-05   1.1482421500000001E+02   8.3799999999999966E-04   1.3281000000000001E-02   1.1483848000000000E+02   2.5999999999999998E-05
 
       1      114   9.8108913385826767E+01     2500        0   0.0000000000000000E+00   4.4703455256093729E+00   9.1236955634104877E-01   0.0000000000000000E+00   1.2807374554562001E-01  -5.5138824689967880E-01   3.6066581058745682E-02   4.3480938730018799E-02   5.7874163177425886E-02   6.0756919998924119E-01   1.1087051415836768E-15   1.1918601942190524E+01  -4.9088795173704514E-01   2.7483116486493833E-02   6.6000000000000005E-05   1.1705500199999997E+02   1.6700000000000002E-04   2.0293000000000002E-02   1.1707560800000000E+02   2.5999999999999998E-05
 
       1      115   9.8977133858267706E+01     2500        0   0.0000000000000000E+00   4.4703455217186843E+00   9.1237272152007687E-01   0.0000000000000000E+00   1.2774876578099612E-01  -5.5085837822774864E-01   3.6066581058745682E-02   4.3480870575387076E-02   5.6410304738354837E-02   6.0756920042802731E-01   1.1087051415836768E-15   1.1919644948286043E+01  -4.9088795173704514E-01   2.7483116486493833E-02   7.7000000000000001E-05   1.1462316300000001E+02   1.3969999999999998E-03   2.3333000000000000E-02   1.1464805100000000E+02   2.1999999999999999E-05
 
       1      116   9.9845354330708645E+01     2500        0   0.0000000000000000E+00   4.4703455249203712E+00   9.1237476388746575E-01   0.0000000000000000E+00   1.2766678149524380E-01  -5.5014555483284588E-01   3.6066581058745682E-02   4.3476694608042571E-02   5.4872809419556016E-02   6.0756920006692450E-01   1.1087051415836768E-15   1.1920538808561760E+01  -4.9088795173704514E-01   2.7483116486493833E-02   6.0999999999999999E-05   1.1439838400000001E+02   7.4999999999999993E-05   1.3061999999999997E-02   1.1441172899999999E+02   4.1000000000000000E-05
 
       1      117   1.0071357480314960E+02     2500        0   0.0000000000000000E+00   4.4703455246376516E+00   9.1237545204077342E-01   0.0000000000000000E+00   1.2783729165532423E-01  -5.4919999250081231E-01   3.6066581058745682E-02   4.3480228005220167E-02   5.3247416779329329E-02   6.0756920009883875E-01   1.1087051415836768E-15   1.1921277056126833E+01  -4.9088795173704514E-01   2.7483116486493833E-02   6.7999999999999999E-05   1.1593011100000000E+02   2.7500000000000002E-04   2.6242999999999999E-02   1.1595733500000000E+02   2.5999999999999998E-05
 
       1      118   1.0158179527559054E+02     2500        0   0.0000000000000000E+00   4.4703455215654042E+00   9.1237588737300224E-01   0.0000000000000000E+00   1.2814831319712686E-01  -5.4805769801806292E-01   3.6066581058745682E-02   4.3479896081690353E-02   5.1560910190170658E-02   6.0756920044531937E-01   1.1087051415836768E-15   1.1921853491336908E+01  -4.9088795173704514E-01   2.7483116486493833E-02   8.2000000000000001E-05   1.1665363499999999E+02   1.5700000000000002E-04   1.9858000000000004E-02   1.1667381300000000E+02   2.5999999999999998E-05
 
       1      119   1.0245001574803149E+02     2500        0   0.0000000000000000E+00   4.4703455259346407E+00   9.1237593141652917E-01   0.0000000000000000E+00   1.2842372748598310E-01  -5.4682450272062399E-01   3.6066581058745682E-02   4.3479214652793655E-02   4.9811184971820174E-02   6.0756919995253622E-01   1.1087051415836768E-15   1.1922262223070231E+01  -4.9088795173704514E-01   2.7483116486493833E-02   6.7000000000000002E-05   1.1690174400000002E+02   7.8600000000000013E-04   2.3569000000000000E-02   1.1692659700000000E+02   2.5999999999999998E-05
 
       1      120   1.0331823622047243E+02     2500        0   0.0000000000000000E+00   4.4703455234741112E+00   9.1237478840012332E-01   0.0000000000000000E+00   1.2852447039218823E-01  -5.4564665582272276E-01   3.6066581058745682E-02   4.3479650346644173E-02   4.7983587973261715E-02   6.0756920023005245E-01   1.1087051415836768E-15   1.1922497850547110E+01  -4.9088795173704514E-01   2.7483116486493833E-02   7.6000000000000004E-05   1.1689487800000001E+02   3.9710000000000006E-03   2.6846999999999999E-02   1.1692626700000000E+02   9.8400000000000007E-04
 
       1      121   1.0418645669291338E+02     2500        0   0.0000000000000000E+00   4.4703455222665722E+00   9.1237452571792022E-01   0.0000000000000000E+00   1.2844374423566110E-01  -5.4467171875340614E-01   3.6066581058745682E-02   4.3477810038290300E-02   4.7331618739125218E-02   6.0756920036620776E-01   1.1087051415836768E-15   1.1922555269814758E+01  -4.9088795173704514E-01   2.7483116486493833E-02   4.5100000000000001E-04   1.1647455700000002E+02   1.1310000000000001E-03   3.2988999999999997E-02   1.1651172699999999E+02   5.0699999999999996E-04
 
       1      122   1.0505467716535432E+02     2500        0   0.0000000000000000E+00   4.4703455260942508E+00   9.1237796739519050E-01   0.0000000000000000E+00   1.2828132360790431E-01  -5.4402302521745272E-01   3.6066581058745682E-02   4.3480622571731603E-02   4.9403574671915029E-02   6.0756919993454306E-01   1.1087051415836768E-15   1.1922429827502590E+01  -4.9088795173704514E-01   2.7483116486493833E-02   7.9699999999999997E-04   1.1237799400000000E+02   5.5399999999999991E-04   4.0425000000000003E-02   1.1242070000000000E+02   2.5000000000000001E-05
 
       1      123   1.0592289763779526E+02     2500        0   0.0000000000000000E+00   4.4703455223943696E+00   9.1238571576016736E-01   0.0000000000000000E+00   1.2820108150853129E-01  -5.4376123715244540E-01   3.6066581058745682E-02   4.3480793355968259E-02   5.1533565607435806E-02   6.0756920035178197E-01   1.1087051415836768E-15   1.1922117394114885E+01  -4.9088795173704514E-01   2.7483116486493833E-02   6.7999999999999999E-05   1.1635384800000000E+02   1.1800000000000001E-03   1.6104000000000000E-02   1.1637127500000000E+02   2.5999999999999998E-05
 
       1      124   1.0679111811023621E+02     2500        0   0.0000000000000000E+00   4.4703455236105381E+00   9.1239460627698743E-01   0.0000000000000000E+00   1.2838502236381169E-01  -5.4385559324053179E-01   3.6066581058745682E-02   4.3474610979903315E-02   5.3673773996959002E-02   6.0756920021463590E-01   1.1087051415836768E-15   1.1921614199321844E+01  -4.9088795173704514E-01   2.7483116486493833E-02   6.7000000000000002E-05   1.1550107399999999E+02   1.4260000000000002E-03   2.5041000000000004E-02   1.1552783599999999E+02   2.5000000000000001E-05
 
       1      125   1.0765933858267715E+02     2500        0   0.0000000000000000E+00   4.4703455255360085E+00   9.1240038501515364E-01   0.0000000000000000E+00   1.2897253858706420E-01  -5.4422922001514595E-01   3.6066581058745682E-02   4.3480919853302359E-02   5.5839965736282103E-02   6.0756919999752301E-01   1.1087051415836768E-15   1.1920917046265872E+01  -4.9088795173704514E-01   2.7483116486493833E-02   6.4999999999999994E-05   1.1791606000000000E+02   7.7600000000000000E-04   4.5591000000000000E-02   1.1796326300000000E+02   4.8999999999999998E-05
 
       1      126   1.0852755905511810E+02     2500        0   0.0000000000000000E+00   4.4703455216751466E+00   9.1240164822224812E-01   0.0000000000000000E+00   1.3000209222207970E-01  -5.4481806406461319E-01   3.6066581058745682E-02   4.3480827717799993E-02   5.8030437419404127E-02   6.0756920043292717E-01   1.1087051415836768E-15   1.1920023260815588E+01  -4.9088795173704514E-01   2.7483116486493833E-02   1.2400000000000001E-04   1.1508599900000000E+02   6.2699999999999995E-04   6.1280000000000008E-02   1.1514821400000000E+02   2.8000000000000000E-05
 
       1      127   1.0939577952755904E+02     2500        0   0.0000000000000000E+00   4.4703455250393986E+00   9.1240013971039025E-01   0.0000000000000000E+00   1.3133278709546770E-01  -5.4561695369745711E-01   3.6066581058745682E-02   4.3476970610803620E-02   6.0213809065373144E-02   6.0756920005351778E-01   1.1087051415836768E-15   1.1918930616469114E+01  -4.9088795173704514E-01   2.7483116486493833E-02   2.8200000000000000E-03   1.1376936699999999E+02   1.7239999999999998E-03   6.4646999999999982E-02   1.1384017900000001E+02   2.5999999999999998E-05
 
       1      128   1.1026400000000000E+02     2500        0   0.0000000000000000E+00   4.4703455245351922E+00   9.1239847104220306E-01   0.0000000000000000E+00   1.3268224483826271E-01  -5.4667356182567817E-01   3.6066581058745682E-02   4.3480108023855095E-02   6.2418312467402932E-02   6.0756920011038096E-01   1.1087051415836768E-15   1.1917637547117032E+01  -4.9088795173704514E-01   2.7483116486493833E-02   6.7999999999999999E-05   1.1542573800000001E+02   7.5999999999999991E-05   1.5129000000000002E-02   1.1544108700000000E+02   2.5000000000000001E-05
 
