# itau tau weighted_probability_total weighted_delta_from_first max_k_index max_k max_k_weighted_probability
# mature_reference=sum_mom uses |mom|^2*k^2*sin(theta)*dk*dtheta*dphi
# dk_dtheta_dphi   3.8984375000000002E-02   1.0471975511965977E-01   6.2831853071795862E+00
       1   0.0000000000000000E+00   1.3470533054284339E-01   5.5511151231257827E-17        7   2.3890625000000001E-01   9.3170471538849761E-03
       2   8.6822047244094480E-01   1.3919454700877718E-01   4.4892164659338374E-03        7   2.3890625000000001E-01   9.7791706027511097E-03
       3   1.7364409448818896E+00   1.4283805126373994E-01   8.1327207208966024E-03       18   6.6773437499999999E-01   1.0145540498670030E-02
       4   2.6046614173228346E+00   1.4572944460501941E-01   1.1024114062176071E-02       18   6.6773437499999999E-01   1.0772175607508743E-02
       5   3.4728818897637792E+00   1.4785512539464124E-01   1.3149794851797902E-02       18   6.6773437499999999E-01   1.1222653913721351E-02
       6   4.3411023622047242E+00   1.4930673259733565E-01   1.4601402054492313E-02       18   6.6773437499999999E-01   1.1342710506639424E-02
       7   5.2093228346456693E+00   1.5021480978493559E-01   1.5509479242092256E-02       18   6.6773437499999999E-01   1.1112517472142400E-02
       8   6.0775433070866134E+00   1.5037092335684724E-01   1.5665592814003898E-02       18   6.6773437499999999E-01   1.0665734291090278E-02
       9   6.9457637795275584E+00   1.4936375365659105E-01   1.4658423113747709E-02       17   6.2875000000000003E-01   1.0223548318407695E-02
      10   7.8139842519685034E+00   1.4710629556590424E-01   1.2400965023060900E-02        7   2.3890625000000001E-01   1.0197528010000571E-02
      11   8.6822047244094485E+00   1.4395013989515754E-01   9.2448093523141983E-03        7   2.3890625000000001E-01   1.0088435938760455E-02
      12   9.5504251968503944E+00   1.4034650188582282E-01   5.6411713429794785E-03        7   2.3890625000000001E-01   9.8235135853275198E-03
      13   1.0418645669291339E+01   1.3658913413334145E-01   1.8838035904981121E-03       18   6.6773437499999999E-01   9.4387620645137987E-03
      14   1.1286866141732284E+01   1.3303310786706898E-01  -1.6722226757743541E-03       18   6.6773437499999999E-01   9.2099780878097167E-03
      15   1.2155086614173227E+01   1.3020892588279268E-01  -4.4964046600506624E-03       18   6.6773437499999999E-01   8.9414866758382380E-03
      16   1.3023307086614173E+01   1.2862137426627238E-01  -6.0839562765709621E-03       18   6.6773437499999999E-01   8.7668155824434518E-03
      17   1.3891527559055117E+01   1.2848637640066377E-01  -6.2189541421795724E-03       18   6.6773437499999999E-01   8.8015452893924779E-03
      18   1.4759748031496061E+01   1.2964364001271694E-01  -5.0616905301263948E-03       18   6.6773437499999999E-01   9.0559024018824139E-03
      19   1.5627968503937007E+01   1.3170921848489681E-01  -2.9961120579465317E-03       18   6.6773437499999999E-01   9.4233094593548523E-03
      20   1.6496188976377955E+01   1.3416213854646636E-01  -5.4319199637697935E-04       18   6.6773437499999999E-01   9.7453774721822876E-03
      21   1.7364409448818897E+01   1.3653223047614829E-01   1.8268999333049540E-03        7   2.3890625000000001E-01   1.0072675027837943E-02
      22   1.8232629921259843E+01   1.3851969811849313E-01   3.8143675756497908E-03        7   2.3890625000000001E-01   1.0482390500190956E-02
      23   1.9100850393700789E+01   1.3993690997770517E-01   5.2315794348618272E-03        7   2.3890625000000001E-01   1.0568054167398505E-02
      24   1.9969070866141735E+01   1.4074058543905271E-01   6.0352548962093744E-03        7   2.3890625000000001E-01   1.0341064691044332E-02
      25   2.0837291338582677E+01   1.4107357992034741E-01   6.3682493775040760E-03        7   2.3890625000000001E-01   9.9076774798918348E-03
      26   2.1705511811023623E+01   1.4131173658430768E-01   6.6064060414643411E-03       18   6.6773437499999999E-01   9.6821663831410162E-03
      27   2.2573732283464569E+01   1.4185778183197081E-01   7.1524512891274761E-03       14   5.1179687500000004E-01   9.8286719408628483E-03
      28   2.3441952755905511E+01   1.4281941761867140E-01   8.1140870758280581E-03       14   5.1179687500000004E-01   1.0228630870416380E-02
      29   2.4310173228346454E+01   1.4395624369275539E-01   9.2509131499120545E-03       14   5.1179687500000004E-01   1.0494736341742313E-02
      30   2.5178393700787399E+01   1.4494012502585177E-01   1.0234794483008430E-02       14   5.1179687500000004E-01   1.0593879729208623E-02
      31   2.6046614173228345E+01   1.4555355936122605E-01   1.0848228818382710E-02       14   5.1179687500000004E-01   1.0474749887216193E-02
      32   2.6914834645669288E+01   1.4556138325816620E-01   1.0856052715322861E-02       17   6.2875000000000003E-01   1.0394807949516903E-02
      33   2.7783055118110234E+01   1.4472020184529544E-01   1.0014871302452100E-02       17   6.2875000000000003E-01   1.0173713703744633E-02
      34   2.8651275590551180E+01   1.4290719249430883E-01   8.2018619514654945E-03       18   6.6773437499999999E-01   1.0152696123429656E-02
      35   2.9519496062992122E+01   1.4022947818155490E-01   5.5241476387115629E-03       18   6.6773437499999999E-01   1.0101034704145693E-02
      36   3.0387716535433068E+01   1.3703591313631369E-01   2.3305825934703539E-03        7   2.3890625000000001E-01   9.8420615386355780E-03
      37   3.1255937007874014E+01   1.3371559778043526E-01  -9.8973276240807428E-04        7   2.3890625000000001E-01   9.6360973079168636E-03
      38   3.2124157480314963E+01   1.3066554998673416E-01  -4.0397805561091793E-03        7   2.3890625000000001E-01   9.4189088293928427E-03
      39   3.2992377952755909E+01   1.2833057831334807E-01  -6.3747522294952674E-03        7   2.3890625000000001E-01   9.2248198109558498E-03
      40   3.3860598425196855E+01   1.2715288378874290E-01  -7.5524467541004392E-03        7   2.3890625000000001E-01   9.0897588129246788E-03
      41   3.4728818897637794E+01   1.2745422725115041E-01  -7.2511032916929286E-03        7   2.3890625000000001E-01   9.0381942429642922E-03
      42   3.5597039370078740E+01   1.2928276768866109E-01  -5.4225628541822446E-03        7   2.3890625000000001E-01   9.0685250279925207E-03
      43   3.6465259842519686E+01   1.3237662685685522E-01  -2.3287036859881149E-03        7   2.3890625000000001E-01   9.1590360091680749E-03
      44   3.7333480314960632E+01   1.3625531230178325E-01   1.5499817589399167E-03       18   6.6773437499999999E-01   9.4967637347067087E-03
      45   3.8201700787401577E+01   1.4042507985786157E-01   5.7197493150182299E-03       18   6.6773437499999999E-01   1.0004558443935307E-02
      46   3.9069921259842523E+01   1.4445909198977586E-01   9.7537614469325185E-03       18   6.6773437499999999E-01   1.0466743005187434E-02
      47   3.9938141732283469E+01   1.4793082340439345E-01   1.3225492861550114E-02       18   6.6773437499999999E-01   1.0765692161100803E-02
      48   4.0806362204724408E+01   1.5037058109231380E-01   1.5665250549470461E-02       18   6.6773437499999999E-01   1.0818561769882360E-02
      49   4.1674582677165354E+01   1.5138187490346389E-01   1.6676544360620549E-02       14   5.1179687500000004E-01   1.0649465604983229E-02
      50   4.2542803149606300E+01   1.5085500406861546E-01   1.6149673525772124E-02       14   5.1179687500000004E-01   1.0578796589810381E-02
      51   4.3411023622047246E+01   1.4893708741800482E-01   1.4231756875161483E-02       18   6.6773437499999999E-01   1.0105360735802900E-02
      52   4.4279244094488192E+01   1.4591935288481714E-01   1.1214022341973801E-02       18   6.6773437499999999E-01   9.8846292828474857E-03
      53   4.5147464566929138E+01   1.4218443069834857E-01   7.4791001555052361E-03        7   2.3890625000000001E-01   9.9087061988223091E-03
      54   4.6015685039370084E+01   1.3808794527774776E-01   3.3826147349044211E-03        7   2.3890625000000001E-01   1.0036593065932103E-02
      55   4.6883905511811022E+01   1.3393344597798659E-01  -7.7188456485674517E-04        7   2.3890625000000001E-01   1.0106705466080588E-02
      56   4.7752125984251968E+01   1.3004935057654041E-01  -4.6559799663029311E-03        7   2.3890625000000001E-01   1.0081638588049092E-02
      57   4.8620346456692907E+01   1.2681813338024905E-01  -7.8871971625942838E-03        7   2.3890625000000001E-01   9.9365176190075802E-03
      58   4.9488566929133853E+01   1.2468045823363347E-01  -1.0024872309209870E-02        7   2.3890625000000001E-01   9.6747560754988134E-03
      59   5.0356787401574799E+01   1.2406704116014500E-01  -1.0638289382698340E-02        7   2.3890625000000001E-01   9.3383700919538338E-03
      60   5.1225007874015745E+01   1.2520605130784423E-01  -9.4992792349991029E-03        7   2.3890625000000001E-01   9.0008266231058325E-03
      61   5.2093228346456691E+01   1.2804666711686005E-01  -6.6586634259832855E-03        7   2.3890625000000001E-01   8.7489074567706250E-03
      62   5.2961448818897630E+01   1.3229868250109575E-01  -2.4066480417475888E-03       18   6.6773437499999999E-01   9.1827515115266451E-03
      63   5.3829669291338575E+01   1.3743748386441568E-01   2.7321533215723393E-03       18   6.6773437499999999E-01   9.8175804533664549E-03
      64   5.4697889763779521E+01   1.4279580657210078E-01   8.0904760292574429E-03       18   6.6773437499999999E-01   1.0326209417597097E-02
      65   5.5566110236220467E+01   1.4763816474477950E-01   1.2932834201936166E-02       18   6.6773437499999999E-01   1.0596850914297695E-02
      66   5.6434330708661413E+01   1.5119899750239651E-01   1.6493666959553177E-02       18   6.6773437499999999E-01   1.0629554133379336E-02
      67   5.7302551181102359E+01   1.5282457381466835E-01   1.8119243271825014E-02       18   6.6773437499999999E-01   1.0508058016258814E-02
      68   5.8170771653543305E+01   1.5219294075670362E-01   1.7487610213860277E-02        7   2.3890625000000001E-01   1.0763107809655210E-02
      69   5.9038992125984244E+01   1.4944581683457298E-01   1.4740486291729638E-02        7   2.3890625000000001E-01   1.0870191406382426E-02
      70   5.9907212598425190E+01   1.4511539275077195E-01   1.0410062207928616E-02        7   2.3890625000000001E-01   1.0745273513731128E-02
      71   6.0775433070866136E+01   1.3997215335071317E-01   5.2668228078698309E-03        7   2.3890625000000001E-01   1.0401085921744787E-02
      72   6.1643653543307082E+01   1.3484811399465177E-01   1.4278345180843144E-04        7   2.3890625000000001E-01   9.9104965719113668E-03
      73   6.2511874015748027E+01   1.3052339192563875E-01  -4.1819386172045891E-03        7   2.3890625000000001E-01   9.3943615413061392E-03
      74   6.3380094488188973E+01   1.2759948443184632E-01  -7.1058461109970161E-03        7   2.3890625000000001E-01   8.9762924725858319E-03
      75   6.4248314960629926E+01   1.2632845493270467E-01  -8.3768756101386677E-03        7   2.3890625000000001E-01   8.7385951844739657E-03
      76   6.5116535433070865E+01   1.2658333612125008E-01  -8.1219944215932538E-03       18   6.6773437499999999E-01   8.7317106246688047E-03
      77   6.5984755905511818E+01   1.2796841169392928E-01  -6.7369188489140586E-03       18   6.6773437499999999E-01   9.0492917811049751E-03
      78   6.6852976377952757E+01   1.3007761050720079E-01  -4.6277200356425463E-03       18   6.6773437499999999E-01   9.2734600097844951E-03
      79   6.7721196850393710E+01   1.3258079905847978E-01  -2.1245314843635621E-03       18   6.6773437499999999E-01   9.4788818888116976E-03
      80   6.8589417322834649E+01   1.3515145134243678E-01   4.4612079959344131E-04       18   6.6773437499999999E-01   9.7235772759824632E-03
      81   6.9457637795275588E+01   1.3750630607200143E-01   2.8009755291580896E-03       18   6.6773437499999999E-01   9.9813893840590869E-03
      82   7.0325858267716541E+01   1.3945842133126438E-01   4.7530907884210383E-03       18   6.6773437499999999E-01   1.0154645572684149E-02
      83   7.1194078740157480E+01   1.4099989409799368E-01   6.2945635551503454E-03       18   6.6773437499999999E-01   1.0154061322654159E-02
      84   7.2062299212598433E+01   1.4223659882969789E-01   7.5312682868545477E-03       18   6.6773437499999999E-01   9.9725301260302542E-03
      85   7.2930519685039371E+01   1.4328191826453687E-01   8.5765877216935349E-03       18   6.6773437499999999E-01   9.6960073539054583E-03
      86   7.3798740157480324E+01   1.4419861125504779E-01   9.4932807122044549E-03        7   2.3890625000000001E-01   9.9656532301080191E-03
      87   7.4666960629921263E+01   1.4487724484304165E-01   1.0171914300198315E-02        7   2.3890625000000001E-01   1.0243980741234400E-02
      88   7.5535181102362202E+01   1.4507925090607107E-01   1.0373920363227734E-02        7   2.3890625000000001E-01   1.0413201400275993E-02
      89   7.6403401574803155E+01   1.4452587958756219E-01   9.8205490447188515E-03        7   2.3890625000000001E-01   1.0419589763036899E-02
      90   7.7271622047244094E+01   1.4303831275087578E-01   8.3329822080324412E-03        7   2.3890625000000001E-01   1.0252723227105881E-02
      91   7.8139842519685047E+01   1.4068458677026172E-01   5.9792562274183780E-03        7   2.3890625000000001E-01   9.9479267253811520E-03
      92   7.9008062992125986E+01   1.3773127799403001E-01   3.0259474511866724E-03        7   2.3890625000000001E-01   9.5759299723914715E-03
      93   7.9876283464566939E+01   1.3463219574077567E-01  -7.3134802067664761E-05       18   6.6773437499999999E-01   9.6752010449814452E-03
      94   8.0744503937007877E+01   1.3199012116149769E-01  -2.7152093813456457E-03       18   6.6773437499999999E-01   9.7836282079168529E-03
      95   8.1612724409448816E+01   1.3041120493663699E-01  -4.2941256062063449E-03       18   6.6773437499999999E-01   9.8489773462577240E-03
      96   8.2480944881889769E+01   1.3033328193859769E-01  -4.3720486042456430E-03       18   6.6773437499999999E-01   9.8426207696223917E-03
      97   8.3349165354330708E+01   1.3187821250324483E-01  -2.8271180395985085E-03       18   6.6773437499999999E-01   9.7660578280639124E-03
      98   8.4217385826771661E+01   1.3480658540009532E-01   1.0125485725198669E-04       17   6.2875000000000003E-01   9.7024046313695222E-03
      99   8.5085606299212600E+01   1.3850183464402718E-01   3.7965041011838452E-03       17   6.2875000000000003E-01   9.6622393888513413E-03
     100   8.5953826771653553E+01   1.4212369709894920E-01   7.4183665561058654E-03       17   6.2875000000000003E-01   9.5391638938999192E-03
     101   8.6822047244094492E+01   1.4486030957159848E-01   1.0154979028755146E-02        7   2.3890625000000001E-01   9.5703842032854557E-03
     102   8.7690267716535431E+01   1.4611204989699930E-01   1.1406719354155964E-02        7   2.3890625000000001E-01   9.6831807717371616E-03
     103   8.8558488188976384E+01   1.4570283127621905E-01   1.0997500733375715E-02       18   6.6773437499999999E-01   9.7823111957611800E-03
     104   8.9426708661417322E+01   1.4391321743246660E-01   9.2078868896232624E-03       18   6.6773437499999999E-01   9.8586738685681879E-03
     105   9.0294929133858275E+01   1.4135075800103342E-01   6.6454274581900785E-03        7   2.3890625000000001E-01   9.8520454051745088E-03
     106   9.1163149606299214E+01   1.3877666645265635E-01   4.0713359098130120E-03        7   2.3890625000000001E-01   9.8584758323357630E-03
     107   9.2031370078740167E+01   1.3683746936519206E-01   2.1321388223487225E-03        7   2.3890625000000001E-01   9.8376366400803935E-03
     108   9.2899590551181106E+01   1.3586585615386043E-01   1.1605256110170936E-03        7   2.3890625000000001E-01   9.7871419744338089E-03
     109   9.3767811023622045E+01   1.3579243939622127E-01   1.0871088533779272E-03        7   2.3890625000000001E-01   9.7088078821806426E-03
     110   9.4636031496062998E+01   1.3626273039649384E-01   1.5573998536504985E-03        7   2.3890625000000001E-01   9.6105247672260349E-03
     111   9.5504251968503937E+01   1.3692737115563994E-01   2.2220406127965997E-03        7   2.3890625000000001E-01   9.5065347178198596E-03
     112   9.6372472440944890E+01   1.3759278780375692E-01   2.8874572609135785E-03       18   6.6773437499999999E-01   9.6626780807724105E-03
     113   9.7240692913385814E+01   1.3819769663485984E-01   3.4923660920165023E-03       18   6.6773437499999999E-01   9.7808994533751109E-03
     114   9.8108913385826767E+01   1.3873203539402035E-01   4.0267048511770098E-03       18   6.6773437499999999E-01   9.7613841080261641E-03
     115   9.8977133858267706E+01   1.3921392861566934E-01   4.5085980728259978E-03       17   6.2875000000000003E-01   9.6731363608104203E-03
     116   9.9845354330708645E+01   1.3967517139411165E-01   4.9698408512683090E-03       17   6.2875000000000003E-01   9.6934614503761275E-03
     117   1.0071357480314960E+02   1.4007379175321338E-01   5.3684612103700458E-03        7   2.3890625000000001E-01   9.5525187023517057E-03
     118   1.0158179527559054E+02   1.4028044660245062E-01   5.5751160596072824E-03        7   2.3890625000000001E-01   9.6433733256916128E-03
     119   1.0245001574803149E+02   1.4016262254097775E-01   5.4572919981344115E-03        7   2.3890625000000001E-01   9.7109500617369674E-03
     120   1.0331823622047243E+02   1.3972079448451447E-01   5.0154639416711277E-03       18   6.6773437499999999E-01   9.9741174732849193E-03
     121   1.0418645669291338E+02   1.3910210294069184E-01   4.3967723978484974E-03       18   6.6773437499999999E-01   1.0188974145505441E-02
     122   1.0505467716535432E+02   1.3842222597484455E-01   3.7168954320012104E-03       18   6.6773437499999999E-01   1.0128803589578093E-02
     123   1.0592289763779526E+02   1.3774748970730047E-01   3.0421591644571311E-03       18   6.6773437499999999E-01   9.7744238664710711E-03
     124   1.0679111811023621E+02   1.3720242357357657E-01   2.4970930307332273E-03       17   6.2875000000000003E-01   9.5968828834850309E-03
     125   1.0765933858267715E+02   1.3695609808535425E-01   2.2507675425109119E-03       17   6.2875000000000003E-01   9.6271247918663164E-03
     126   1.0852755905511810E+02   1.3711104030713450E-01   2.4057097642911640E-03        7   2.3890625000000001E-01   9.4387105195055925E-03
     127   1.0939577952755904E+02   1.3758092820681567E-01   2.8755976639723291E-03        7   2.3890625000000001E-01   9.4648648745459842E-03
     128   1.1026400000000000E+02   1.3816453373164400E-01   3.4592031888006636E-03        7   2.3890625000000001E-01   9.5320133079397698E-03
