# ialpha itau tau krylov_substeps krylov_halvings krylov_last_error krylov_max_h mask_norm_before mask_norm_inside mask_norm_outside mask_overlap_real field_max_abs_e_nir field_max_abs_e_xuv field_max_abs_e_total field_max_abs_a field_consistency_error field_a2_phase initial_energy initial_residual_norm timing_initialize_seconds timing_propagate_seconds timing_mask_seconds timing_project_seconds timing_total_seconds timing_synthesis_seconds
       1        1   0.0000000000000000E+00     2500        0   0.0000000000000000E+00   2.9342690882378095E+00   8.8816831239497807E-01   0.0000000000000000E+00   1.1029128629724702E-01  -3.8908433094764405E-01   3.6066581058745682E-02   4.3479208012200635E-02   4.3566776808499380E-02   6.0756920018960980E-01   1.1087051415836768E-15   1.1843489052284870E+01  -4.7635725344351537E-01   4.2807977948714979E-02   1.5180000000000000E-03   4.3387800000000631E-01   4.1999999999999998E-05   1.6881999999999998E-02   4.5287899999999998E-01   2.0999999999999999E-05
 
       1        2   8.6822047244094480E-01     2500        0   0.0000000000000000E+00   2.9306115707124505E+00   8.8625559180110280E-01   0.0000000000000000E+00   1.1646242051105367E-01  -3.8775368893720824E-01   3.6066581058745682E-02   4.3479644607856596E-02   4.3618501000302408E-02   6.0756920018960980E-01   1.1087051415836768E-15   1.1843485000961186E+01  -4.7635725344351537E-01   4.2807977948714979E-02   5.1000000000000000E-05   4.0155800000000258E-01   3.7999999999999995E-05   1.6559000000000001E-02   4.1858600000000001E-01   3.1000000000000001E-05
 
       1        3   1.7364409448818896E+00     2500        0   0.0000000000000000E+00   2.9252430914950285E+00   8.8682174558486049E-01   0.0000000000000000E+00   1.2354979242416840E-01  -3.8772483402573077E-01   3.6066581058745682E-02   4.3477818958661082E-02   4.3660749603045217E-02   6.0756920018960980E-01   1.1087051415836768E-15   1.1843478497032805E+01  -4.7635725344351537E-01   4.2807977948714979E-02   5.5000000000000002E-05   3.8505500000000453E-01   3.7999999999999995E-05   9.8620000000000010E-03   3.9541100000000001E-01   2.0000000000000002E-05
 
       1        4   2.6046614173228346E+00     2500        0   0.0000000000000000E+00   2.9207023442024491E+00   8.8918244809482749E-01   0.0000000000000000E+00   1.3070566712718815E-01  -3.8858930683166598E-01   3.6066581058745682E-02   4.3480619685835990E-02   4.3708266431673456E-02   6.0756920018960980E-01   1.1087051415836768E-15   1.1843468868841182E+01  -4.7635725344351537E-01   4.2807977948714979E-02   4.1999999999999998E-05   3.9416900000000354E-01   4.4000000000000006E-05   8.1159999999999982E-03   4.0271899999999999E-01   3.1000000000000001E-05
 
       1        5   3.4728818897637792E+00     2500        0   0.0000000000000000E+00   2.9187434563391870E+00   8.9216423472663597E-01   0.0000000000000000E+00   1.3702758098658296E-01  -3.8990515711218637E-01   3.6066581058745682E-02   4.3480791359962440E-02   4.3779883012562235E-02   6.0756920018960980E-01   1.1087051415836768E-15   1.1843455400496488E+01  -4.7635725344351537E-01   4.2807977948714979E-02   8.2999999999999998E-05   3.8398900000000113E-01   3.5999999999999994E-05   1.0343999999999999E-02   3.9493600000000001E-01   2.8000000000000000E-05
 
       1        6   4.3411023622047242E+00     2500        0   0.0000000000000000E+00   2.9159030263876020E+00   8.9461981091497478E-01   0.0000000000000000E+00   1.4183413851828000E-01  -3.9147712844413185E-01   3.6066581058745682E-02   4.3474623662884022E-02   4.3843270797017032E-02   6.0756920018960980E-01   1.1097893437561623E-15   1.1843437314341376E+01  -4.7635725344351537E-01   4.2807977948714979E-02   4.1000000000000000E-05   3.6479900000000270E-01   4.3999999999999999E-05   7.2659999999999990E-03   3.7244300000000002E-01   2.0000000000000002E-05
 
       1        7   5.2093228346456693E+00     2500        0   0.0000000000000000E+00   2.9074196500709530E+00   8.9614568689613927E-01   0.0000000000000000E+00   1.4472913431994353E-01  -3.9344634207786422E-01   3.6066581058745682E-02   4.3480920717011734E-02   4.3926463570646786E-02   6.0756920018960980E-01   1.1087051415836768E-15   1.1843413794140062E+01  -4.7635725344351537E-01   4.2807977948714979E-02   4.1000000000000000E-05   3.8061000000000184E-01   4.0999999999999994E-05   1.7837999999999996E-02   3.9884900000000001E-01   3.0000000000000001E-05
 
       1        8   6.0775433070866134E+00     2500        0   0.0000000000000000E+00   2.9040738571761748E+00   8.9703823587692133E-01   0.0000000000000000E+00   1.4551664867787814E-01  -3.9588726262568463E-01   3.6066581058745682E-02   4.3480829469834816E-02   4.4021139803767262E-02   6.0756920018960980E-01   1.1087051415836768E-15   1.1843383995302702E+01  -4.7635725344351537E-01   4.2807977948714979E-02   5.5999999999999999E-05   3.7412800000000052E-01   4.1999999999999998E-05   1.9920000000000000E-02   3.9448200000000000E-01   2.0999999999999999E-05
 
       1        9   6.9457637795275584E+00     2500        0   0.0000000000000000E+00   2.9107860499834430E+00   8.9754078773091872E-01   0.0000000000000000E+00   1.4423614849170097E-01  -3.9849296041222154E-01   3.6066581058745682E-02   4.3476960553693510E-02   4.4108116394058122E-02   6.0756920018960980E-01   1.1087051415836768E-15   1.1843347029769692E+01  -4.7635725344351537E-01   4.2807977948714979E-02   4.1999999999999998E-05   4.1317900000000135E-01   3.2999999999999996E-05   1.9042000000000003E-02   4.3265199999999998E-01   2.0000000000000002E-05
 
       1       10   7.8139842519685034E+00     2500        0   0.0000000000000000E+00   2.9167212350495220E+00   8.9748826910493451E-01   0.0000000000000000E+00   1.4120135085428104E-01  -4.0083538946869923E-01   3.6066581058745682E-02   4.3480112631949189E-02   4.4228774031142240E-02   6.0756920018960980E-01   1.1087051415836768E-15   1.1843302004651679E+01  -4.7635725344351537E-01   4.2807977948714979E-02   4.1000000000000000E-05   3.6540700000000109E-01   4.4999999999999996E-05   2.6658999999999999E-02   3.9246999999999999E-01   2.0999999999999999E-05
 
       1       11   8.6822047244094485E+00     2500        0   0.0000000000000000E+00   2.9205123984651937E+00   8.9667108846207988E-01   0.0000000000000000E+00   1.3686758892069617E-01  -4.0273167578764224E-01   3.6066581058745682E-02   4.3479757399686368E-02   4.4347375467491609E-02   6.0756920018960980E-01   1.1087051415836768E-15   1.1843248012225276E+01  -4.7635725344351537E-01   4.2807977948714979E-02   4.1999999999999998E-05   3.5180300000000242E-01   3.5999999999999994E-05   1.8582000000000001E-02   3.7074299999999999E-01   2.0999999999999999E-05
 
       1       12   9.5504251968503944E+00     2500        0   0.0000000000000000E+00   2.9265880984951096E+00   8.9523005973882541E-01   0.0000000000000000E+00   1.3172014816995217E-01  -4.0422512649206727E-01   3.6066581058745682E-02   4.3479382853058392E-02   4.4465864535767521E-02   6.0756920018960980E-01   1.1087051415836768E-15   1.1843184129995045E+01  -4.7635725344351537E-01   4.2807977948714979E-02   4.3000000000000002E-05   3.5796000000000078E-01   3.9999999999999996E-05   1.4966999999999999E-02   3.7329000000000001E-01   2.0000000000000002E-05
 
       1       13   1.0418645669291339E+01     2500        0   0.0000000000000000E+00   2.9285146451582689E+00   8.9368511104371473E-01   0.0000000000000000E+00   1.2631317547746759E-01  -4.0539595326449390E-01   3.6066581058745682E-02   4.3479795119868075E-02   4.4615283577843237E-02   6.0756920018960980E-01   1.1087051415836768E-15   1.1843109463920491E+01  -4.7635725344351537E-01   4.2807977948714979E-02   4.1999999999999998E-05   3.5677400000000198E-01   3.5999999999999994E-05   1.2173000000000002E-02   3.6928800000000001E-01   2.1999999999999999E-05
 
       1       14   1.1286866141732284E+01     2500        0   0.0000000000000000E+00   2.9246939390021347E+00   8.9268155637522706E-01   0.0000000000000000E+00   1.2123117467269939E-01  -4.0624633247241837E-01   3.6066581058745682E-02   4.3477573649605257E-02   4.4756130642513228E-02   6.0756920018960980E-01   1.1087051415836768E-15   1.1843023119079895E+01  -4.7635725344351537E-01   4.2807977948714979E-02   4.1000000000000000E-05   3.7555200000000388E-01   3.2999999999999989E-05   9.0210000000000012E-03   3.8495900000000000E-01   2.4000000000000001E-05
 
       1       15   1.2155086614173227E+01     2500        0   0.0000000000000000E+00   2.9271819272015511E+00   8.9253260883588093E-01   0.0000000000000000E+00   1.1690418041556733E-01  -4.0661640224812512E-01   3.6066581058745682E-02   4.3480693155831245E-02   4.4909084704271698E-02   6.0756920018960980E-01   1.1091388224526710E-15   1.1842924224460454E+01  -4.7635725344351537E-01   4.2807977948714979E-02   4.6000000000000000E-05   3.6036199999999874E-01   3.9999999999999996E-05   1.5301000000000004E-02   3.7605100000000002E-01   2.0999999999999999E-05
 
       1       16   1.3023307086614173E+01     2500        0   0.0000000000000000E+00   2.9334205004709260E+00   8.9293682598464552E-01   0.0000000000000000E+00   1.1355381915125345E-01  -4.0625977025517945E-01   3.6066581058745682E-02   4.3480840810559376E-02   4.5078146141672111E-02   6.0756920018960980E-01   1.1087051415836768E-15   1.1842811963171879E+01  -4.7635725344351537E-01   4.2807977948714979E-02   4.1000000000000000E-05   3.6075500000000216E-01   3.3999999999999993E-05   1.7631999999999998E-02   3.7874900000000000E-01   2.0000000000000002E-05
 
       1       17   1.3891527559055117E+01     2500        0   0.0000000000000000E+00   2.9313295358829259E+00   8.9338094830796488E-01   0.0000000000000000E+00   1.1132575362718283E-01  -4.0515644153461849E-01   3.6066581058745682E-02   4.3474276757646417E-02   4.5236902325733609E-02   6.0756920018960980E-01   1.1087051415836768E-15   1.1842685537099040E+01  -4.7635725344351537E-01   4.2807977948714979E-02   4.3000000000000002E-05   3.6777500000000329E-01   3.8999999999999999E-05   1.4522999999999999E-02   3.8266499999999998E-01   3.1000000000000001E-05
 
       1       18   1.4759748031496061E+01     2500        0   0.0000000000000000E+00   2.9216634005472537E+00   8.9380811954310091E-01   0.0000000000000000E+00   1.1033097736531793E-01  -4.0362435259595969E-01   3.6066581058745682E-02   4.3480892953790991E-02   4.5418799309200369E-02   6.0756920018960980E-01   1.1087051415836768E-15   1.1842544215796888E+01  -4.7635725344351537E-01   4.2807977948714979E-02   5.3000000000000001E-05   3.6586300000000166E-01   3.8000000000000002E-05   1.8605999999999998E-02   3.8491500000000001E-01   2.0999999999999999E-05
 
       1       19   1.5627968503937007E+01     2500        0   0.0000000000000000E+00   2.9195816628824707E+00   8.9457485383390534E-01   0.0000000000000000E+00   1.1055556429251642E-01  -4.0196154243429649E-01   3.6066581058745682E-02   4.3480777717178648E-02   4.5601385178461275E-02   6.0756920018960980E-01   1.1091930325612953E-15   1.1842387338721942E+01  -4.7635725344351537E-01   4.2807977948714979E-02   4.1999999999999998E-05   3.8615900000000419E-01   3.7999999999999995E-05   1.6598999999999999E-02   4.0313599999999999E-01   2.0999999999999999E-05
 
       1       20   1.6496188976377955E+01     2500        0   0.0000000000000000E+00   2.9278214686873252E+00   8.9577620457087825E-01   0.0000000000000000E+00   1.1187252107245557E-01  -4.0014397333688728E-01   3.6066581058745682E-02   4.3477227635222375E-02   4.5771221641557322E-02   6.0756920018960980E-01   1.1087051415836768E-15   1.1842214292086119E+01  -4.7635725344351537E-01   4.2807977948714979E-02   4.1000000000000000E-05   3.5890400000000217E-01   3.9000000000000006E-05   1.0733000000000001E-02   3.6999199999999999E-01   3.4000000000000000E-05
 
       1       21   1.7364409448818897E+01     2500        0   0.0000000000000000E+00   2.9274814991507276E+00   8.9698383148694205E-01   0.0000000000000000E+00   1.1414675748035649E-01  -3.9803879950760412E-01   3.6066581058745682E-02   4.3479983776611796E-02   4.5973665070246597E-02   6.0756920018960980E-01   1.1095725033216652E-15   1.1842024571508961E+01  -4.7635725344351537E-01   4.2807977948714979E-02   5.5999999999999999E-05   3.5706800000000283E-01   3.4999999999999997E-05   1.3329000000000001E-02   3.7078000000000000E-01   2.0000000000000002E-05
 
       1       22   1.8232629921259843E+01     2500        0   0.0000000000000000E+00   2.9179879237318822E+00   8.9768441650060937E-01   0.0000000000000000E+00   1.1722517650396902E-01  -3.9574410524442966E-01   3.6066581058745682E-02   4.3479604305389566E-02   4.6161129544438129E-02   6.0756920018960980E-01   1.1087051415836768E-15   1.1841817750775490E+01  -4.7635725344351537E-01   4.2807977948714979E-02   5.8999999999999998E-05   3.5513300000000442E-01   3.6999999999999991E-05   1.1757000000000002E-02   3.6727599999999999E-01   2.0000000000000002E-05
 
       1       23   1.9100850393700789E+01     2500        0   0.0000000000000000E+00   2.9189215211864674E+00   8.9770199171782816E-01   0.0000000000000000E+00   1.2086302205140889E-01  -3.9356478299401476E-01   3.6066581058745682E-02   4.3479548441635672E-02   4.6344619087689803E-02   6.0756920018960980E-01   1.1087051415836768E-15   1.1841593486524705E+01  -4.7635725344351537E-01   4.2807977948714979E-02   4.1999999999999998E-05   3.6264300000000471E-01   3.8999999999999999E-05   1.6323000000000004E-02   3.7934600000000002E-01   2.0999999999999999E-05
 
       1       24   1.9969070866141735E+01     2500        0   0.0000000000000000E+00   2.9263337071214144E+00   8.9719369197733956E-01   0.0000000000000000E+00   1.2477199775425254E-01  -3.9178920286274399E-01   3.6066581058745682E-02   4.3479936419409455E-02   4.6544849627266072E-02   6.0756920018960980E-01   1.1087051415836768E-15   1.1841351576345673E+01  -4.7635725344351537E-01   4.2807977948714979E-02   4.1000000000000000E-05   4.2667000000000066E-01   3.4999999999999997E-05   1.2852000000000001E-02   4.3995499999999998E-01   2.0000000000000002E-05
 
       1       25   2.0837291338582677E+01     2500        0   0.0000000000000000E+00   2.9250463196275467E+00   8.9643439138868064E-01   0.0000000000000000E+00   1.2869829437871941E-01  -3.9057837325672529E-01   3.6066581058745682E-02   4.3477319078739730E-02   4.6726286512266062E-02   6.0756920018960980E-01   1.1087051415836768E-15   1.1841091902112696E+01  -4.7635725344351537E-01   4.2807977948714979E-02   4.1999999999999998E-05   3.7137000000000497E-01   4.1999999999999998E-05   1.5219999999999999E-02   3.8706400000000002E-01   2.0999999999999999E-05
 
       1       26   2.1705511811023623E+01     2500        0   0.0000000000000000E+00   2.9211630506509803E+00   8.9557741165765070E-01   0.0000000000000000E+00   1.3237830871226913E-01  -3.8994771106800769E-01   3.6066581058745682E-02   4.3480757385958302E-02   4.6911182533642175E-02   6.0756920018960980E-01   1.1093556628871681E-15   1.1840814470455626E+01  -4.7635725344351537E-01   4.2807977948714979E-02   4.8000000000000001E-05   3.6804000000000431E-01   4.0000000000000003E-05   7.3640000000000008E-03   3.7578000000000000E-01   2.0000000000000002E-05
 
       1       27   2.2573732283464569E+01     2500        0   0.0000000000000000E+00   2.9243507225342036E+00   8.9453084596620325E-01   0.0000000000000000E+00   1.3550417532121994E-01  -3.8981817032923727E-01   3.6066581058745682E-02   4.3480881035605434E-02   4.7096990666147392E-02   6.0756920018960980E-01   1.1087051415836768E-15   1.1840519442451086E+01  -4.7635725344351537E-01   4.2807977948714979E-02   4.1999999999999998E-05   3.7034400000000273E-01   5.9999999999999995E-05   2.5898000000000001E-02   3.9664500000000003E-01   3.0000000000000001E-05
 
       1       28   2.3441952755905511E+01     2500        0   0.0000000000000000E+00   2.9272194225934483E+00   8.9317959233283928E-01   0.0000000000000000E+00   1.3781807335400287E-01  -3.9018053438870587E-01   3.6066581058745682E-02   4.3474152939875270E-02   4.7259635437537688E-02   6.0756920018960980E-01   1.1087051415836768E-15   1.1840207074804770E+01  -4.7635725344351537E-01   4.2807977948714979E-02   5.3999999999999998E-05   3.8225600000000282E-01   4.3999999999999999E-05   1.4171000000000000E-02   3.9692499999999997E-01   3.1999999999999999E-05
 
       1       29   2.4310173228346454E+01     2500        0   0.0000000000000000E+00   2.9217972027503785E+00   8.9174757692460149E-01   0.0000000000000000E+00   1.3916729033657702E-01  -3.9116539455107679E-01   3.6066581058745682E-02   4.3480855963429613E-02   4.7431896310820898E-02   6.0756920018960980E-01   1.1087051415836768E-15   1.1839877789101717E+01  -4.7635725344351537E-01   4.2807977948714979E-02   6.8999999999999997E-05   3.8587200000000454E-01   4.2000000000000004E-05   1.8330000000000003E-02   4.0465099999999998E-01   2.9000000000000000E-05
 
       1       30   2.5178393700787399E+01     2500        0   0.0000000000000000E+00   2.9146001485192459E+00   8.9072713837582340E-01   0.0000000000000000E+00   1.3942433304315674E-01  -3.9283898253270588E-01   3.6066581058745682E-02   4.3480716726205258E-02   4.7589553993335393E-02   6.0756920018960980E-01   1.1087051415836768E-15   1.1839532157101457E+01  -4.7635725344351537E-01   4.2807977948714979E-02   8.8999999999999995E-05   3.7521700000000280E-01   4.1000000000000000E-05   8.3780000000000018E-03   3.8407900000000000E-01   2.0999999999999999E-05
 
       1       31   2.6046614173228345E+01     2500        0   0.0000000000000000E+00   2.9218350444583656E+00   8.9041633628298000E-01   0.0000000000000000E+00   1.3846269336269196E-01  -3.9500284420168386E-01   3.6066581058745682E-02   4.3477485453464852E-02   4.7719306850862182E-02   6.0756920018960980E-01   1.1093556628871681E-15   1.1839170864793106E+01  -4.7635725344351537E-01   4.2807977948714979E-02   4.3999999999999999E-05   4.7214400000000772E-01   8.5000000000000006E-05   1.7135000000000001E-02   4.9069699999999999E-01   2.0999999999999999E-05
 
       1       32   2.6914834645669288E+01     2500        0   0.0000000000000000E+00   2.9343195184905522E+00   8.9073451886047039E-01   0.0000000000000000E+00   1.3627547325401651E-01  -3.9729973032588195E-01   3.6066581058745682E-02   4.3479845707175835E-02   4.7863688582343161E-02   6.0756920018960980E-01   1.1087051415836768E-15   1.1838794792879757E+01  -4.7635725344351537E-01   4.2807977948714979E-02   4.1000000000000000E-05   3.9930800000000549E-01   4.6999999999999997E-05   1.8415000000000001E-02   4.1815999999999998E-01   3.1999999999999999E-05
 
       1       33   2.7783055118110234E+01     2500        0   0.0000000000000000E+00   2.9326086524917954E+00   8.9148177140406359E-01   0.0000000000000000E+00   1.3304223521440894E-01  -3.9944104344620224E-01   3.6066581058745682E-02   4.3479441960324397E-02   4.7978543311543581E-02   6.0756920018960980E-01   1.1087051415836768E-15   1.1838404955743457E+01  -4.7635725344351537E-01   4.2807977948714979E-02   5.3000000000000001E-05   4.2406500000000913E-01   3.9999999999999996E-05   1.5445000000000002E-02   4.4012899999999999E-01   2.0999999999999999E-05
 
       1       34   2.8651275590551180E+01     2500        0   0.0000000000000000E+00   2.9198089002182246E+00   8.9255996724437681E-01   0.0000000000000000E+00   1.2904883250356103E-01  -4.0126169769523468E-01   3.6066581058745682E-02   4.3479704779051651E-02   4.8068198775487271E-02   6.0756920018960980E-01   1.1087051415836768E-15   1.1838002506833943E+01  -4.7635725344351537E-01   4.2807977948714979E-02   4.3000000000000002E-05   3.6456500000000275E-01   4.1999999999999998E-05   1.7382000000000002E-02   3.8232300000000002E-01   3.1000000000000001E-05
 
       1       35   2.9519496062992122E+01     2500        0   0.0000000000000000E+00   2.9149227629211691E+00   8.9395822086027144E-01   0.0000000000000000E+00   1.2462318298754857E-01  -4.0263689690904891E-01   3.6066581058745682E-02   4.3480068505274583E-02   4.8161342895374423E-02   6.0756920018960980E-01   1.1087051415836768E-15   1.1837588804576907E+01  -4.7635725344351537E-01   4.2807977948714979E-02   8.1000000000000004E-05   4.0604800000000496E-01   3.6999999999999998E-05   1.8824000000000000E-02   4.2528800000000000E-01   3.1000000000000001E-05
 
       1       36   3.0387716535433068E+01     2500        0   0.0000000000000000E+00   2.9212153143968647E+00   8.9566440639722356E-01   0.0000000000000000E+00   1.2016612182112986E-01  -4.0339725572812113E-01   3.6066581058745682E-02   4.3477055244970655E-02   4.8218497992804837E-02   6.0756920018960980E-01   1.1102230246251565E-15   1.1837165321314998E+01  -4.7635725344351537E-01   4.2807977948714979E-02   8.5000000000000006E-05   3.8042600000000126E-01   3.5000000000000004E-05   7.9440000000000014E-03   3.8878200000000002E-01   3.4000000000000000E-05
 
       1       37   3.1255937007874014E+01     2500        0   0.0000000000000000E+00   2.9272025423412718E+00   8.9751426713983273E-01   0.0000000000000000E+00   1.1614597430380258E-01  -4.0330560503013568E-01   3.6066581058745682E-02   4.3480812377365070E-02   4.8253974772084575E-02   6.0756920018960980E-01   1.1102230246251565E-15   1.1836733696031310E+01  -4.7635725344351537E-01   4.2807977948714979E-02   4.1999999999999998E-05   4.5103400000000599E-01   3.5999999999999994E-05   2.5825000000000001E-02   4.7748400000000002E-01   3.4999999999999997E-05
 
       1       38   3.2124157480314963E+01     2500        0   0.0000000000000000E+00   2.9263983360762276E+00   8.9907641148056638E-01   0.0000000000000000E+00   1.1299475061540214E-01  -4.0217504276908089E-01   3.6066581058745682E-02   4.3480912033923097E-02   4.8279646701403188E-02   6.0756920018960980E-01   1.1102230246251565E-15   1.1836295755899824E+01  -4.7635725344351537E-01   4.2807977948714979E-02   5.8000000000000000E-05   3.7261600000000283E-01   4.3999999999999999E-05   1.3672999999999998E-02   3.8675100000000001E-01   3.0000000000000001E-05
 
       1       39   3.2992377952755909E+01     2500        0   0.0000000000000000E+00   2.9239927697688142E+00   8.9987470468582453E-01   0.0000000000000000E+00   1.1102450894334195E-01  -4.0005844997738826E-01   3.6066581058745682E-02   4.3474503096262926E-02   4.8264700959252144E-02   6.0756920018960980E-01   1.1102230246251565E-15   1.1835853429080538E+01  -4.7635725344351537E-01   4.2807977948714979E-02   8.2000000000000001E-05   3.7420500000000467E-01   3.8999999999999993E-05   8.2810000000000002E-03   3.8291999999999998E-01   2.1999999999999999E-05
 
       1       40   3.3860598425196855E+01     2500        0   0.0000000000000000E+00   2.9257190597644800E+00   8.9977137910330895E-01   0.0000000000000000E+00   1.1043582190963695E-01  -3.9725260279437680E-01   3.6066581058745682E-02   4.3480809747104228E-02   4.8231127096176468E-02   6.0756920018960980E-01   1.1102230246251565E-15   1.1835408831141947E+01  -4.7635725344351537E-01   4.2807977948714979E-02   4.0000000000000003E-05   3.7456800000000273E-01   4.3000000000000002E-05   7.4110000000000001E-03   3.8238699999999998E-01   2.0999999999999999E-05
 
       1       41   3.4728818897637794E+01     2500        0   0.0000000000000000E+00   2.9266739397751635E+00   8.9898365239062861E-01   0.0000000000000000E+00   1.1134111696410287E-01  -3.9410397722976870E-01   3.6066581058745682E-02   4.3480646495765808E-02   4.8175690984154244E-02   6.0756920018960980E-01   1.1087051415836768E-15   1.1834964225952323E+01  -4.7635725344351537E-01   4.2807977948714979E-02   4.1999999999999998E-05   4.1003000000000700E-01   3.1999999999999999E-05   1.2375000000000001E-02   4.2281099999999999E-01   2.6999999999999999E-05
 
       1       42   3.5597039370078740E+01     2500        0   0.0000000000000000E+00   2.9241702965546228E+00   8.9777238204343657E-01   0.0000000000000000E+00   1.1372268904045305E-01  -3.9089235047564619E-01   3.6066581058745682E-02   4.3477734009513817E-02   4.8075507454844069E-02   6.0756920018960980E-01   1.1087051415836768E-15   1.1834521974301907E+01  -4.7635725344351537E-01   4.2807977948714979E-02   4.6000000000000000E-05   3.7058000000000429E-01   4.0999999999999994E-05   1.4344000000000001E-02   3.8530300000000001E-01   1.9000000000000001E-05
 
       1       43   3.6465259842519686E+01     2500        0   0.0000000000000000E+00   2.9276431105249285E+00   8.9627799529413199E-01   0.0000000000000000E+00   1.1736979824168287E-01  -3.8787154664267876E-01   3.6066581058745682E-02   4.3479698424846627E-02   4.7959624111359400E-02   6.0756920018960980E-01   1.1087051415836768E-15   1.1834084629078870E+01  -4.7635725344351537E-01   4.2807977948714979E-02   4.3000000000000002E-05   3.6680400000000218E-01   4.0000000000000003E-05   1.5988000000000002E-02   3.8315900000000003E-01   2.0000000000000002E-05
 
       1       44   3.7333480314960632E+01     2500        0   0.0000000000000000E+00   2.9383898200933389E+00   8.9460402718164855E-01   0.0000000000000000E+00   1.2188887004419008E-01  -3.8532128368514684E-01   3.6066581058745682E-02   4.3479270363370820E-02   4.7811226012470620E-02   6.0756920018960980E-01   1.1087051415836768E-15   1.1833654838058848E+01  -4.7635725344351537E-01   4.2807977948714979E-02   4.1999999999999998E-05   4.3561600000000777E-01   4.1000000000000000E-05   7.9780000000000007E-03   4.4404600000000000E-01   2.0999999999999999E-05
 
       1       45   3.8201700787401577E+01     2500        0   0.0000000000000000E+00   2.9352021417131606E+00   8.9295750059690548E-01   0.0000000000000000E+00   1.2678703238850181E-01  -3.8355029251813327E-01   3.6066581058745682E-02   4.3479851866427985E-02   4.7614697508737792E-02   6.0909401880703962E-01   1.1087051415836768E-15   1.1833235349621949E+01  -4.7635725344351537E-01   4.2807977948714979E-02   4.3000000000000002E-05   4.2598800000000847E-01   3.8999999999999993E-05   1.5207000000000004E-02   4.4164999999999999E-01   2.0999999999999999E-05
 
       1       46   3.9069921259842523E+01     2500        0   0.0000000000000000E+00   2.9186214350126085E+00   8.9169855067636616E-01   0.0000000000000000E+00   1.3153286969674058E-01  -3.8282234298186213E-01   3.6066581058745682E-02   4.3480191376259844E-02   4.7405660360337852E-02   6.1211488881887555E-01   1.1087051415836768E-15   1.1832829082856261E+01  -4.7635725344351537E-01   4.2807977948714979E-02   4.3000000000000002E-05   3.6468000000000211E-01   4.0000000000000003E-05   1.3388999999999998E-02   3.7846500000000000E-01   2.1999999999999999E-05
 
       1       47   3.9938141732283469E+01     2500        0   0.0000000000000000E+00   2.9182971388286569E+00   8.9115533395969948E-01   0.0000000000000000E+00   1.3558168363436796E-01  -3.8319319991536543E-01   3.6066581058745682E-02   4.3476782147206849E-02   4.7154972717963886E-02   6.1486889525568911E-01   1.1102230246251565E-15   1.1832438998276780E+01  -4.7635725344351537E-01   4.2807977948714979E-02   4.3000000000000002E-05   3.6808300000000527E-01   3.8999999999999999E-05   1.3287999999999998E-02   3.8174200000000003E-01   3.1000000000000001E-05
 
       1       48   4.0806362204724408E+01     2500        0   0.0000000000000000E+00   2.9317759185211489E+00   8.9134827315499487E-01   0.0000000000000000E+00   1.3845616445082215E-01  -3.8445883034009792E-01   3.6066581058745682E-02   4.3480858131202088E-02   4.6853750618504594E-02   6.1732666863366970E-01   1.1087051415836768E-15   1.1832068163940820E+01  -4.7635725344351537E-01   4.2807977948714979E-02   6.8999999999999997E-05   3.6581200000000391E-01   3.4999999999999997E-05   1.2865999999999999E-02   3.7910400000000000E-01   3.0000000000000001E-05
 
       1       49   4.1674582677165354E+01     2500        0   0.0000000000000000E+00   2.9272606348256449E+00   8.9205196184639224E-01   0.0000000000000000E+00   1.3986373686714673E-01  -3.8632546203201779E-01   3.6066581058745682E-02   4.3480933804337395E-02   4.6543880502070208E-02   6.1945859142546678E-01   1.1087051415836768E-15   1.1831719764954716E+01  -4.7635725344351537E-01   4.2807977948714979E-02   8.6000000000000003E-05   3.6435100000000581E-01   3.6999999999999991E-05   1.6135999999999998E-02   3.8095299999999999E-01   1.9000000000000001E-05
 
       1       50   4.2542803149606300E+01     2500        0   0.0000000000000000E+00   2.9050889961693263E+00   8.9308859155962750E-01   0.0000000000000000E+00   1.3973064685238501E-01  -3.8853183187837009E-01   3.6066581058745682E-02   4.3474843979686414E-02   4.6184787560087745E-02   6.2123491704159806E-01   1.1087051415836768E-15   1.1831396987415136E+01  -4.7635725344351537E-01   4.2807977948714979E-02   4.3000000000000002E-05   3.6925600000000219E-01   3.8000000000000002E-05   1.5018000000000002E-02   3.8461200000000001E-01   2.0999999999999999E-05
 
       1       51   4.3411023622047246E+01     2500        0   0.0000000000000000E+00   2.8999837810251732E+00   8.9433410352202558E-01   0.0000000000000000E+00   1.3816467110098424E-01  -3.9079350843436805E-01   3.6066581058745682E-02   4.3480754305994074E-02   4.5777455057278357E-02   6.2262589830963289E-01   1.1087051415836768E-15   1.1831103123851934E+01  -4.7635725344351537E-01   4.2807977948714979E-02   4.8999999999999998E-05   3.6377500000000484E-01   3.9999999999999996E-05   1.9537000000000002E-02   3.8370500000000002E-01   2.0999999999999999E-05
 
       1       52   4.4279244094488192E+01     2500        0   0.0000000000000000E+00   2.9210744365630754E+00   8.9557011013212584E-01   0.0000000000000000E+00   1.3542845760180428E-01  -3.9281732934520475E-01   3.6066581058745682E-02   4.3480567024714124E-02   4.5359389080765380E-02   6.2360191759938477E-01   1.1093556628871681E-15   1.1830841506361935E+01  -4.7635725344351537E-01   4.2807977948714979E-02   4.3000000000000002E-05   3.5991000000000500E-01   3.7999999999999995E-05   7.2759999999999995E-03   3.6754700000000001E-01   2.0999999999999999E-05
 
       1       53   4.5147464566929138E+01     2500        0   0.0000000000000000E+00   2.9330406156809099E+00   8.9659056807074267E-01   0.0000000000000000E+00   1.3189552536452717E-01  -3.9440035290823838E-01   3.6066581058745682E-02   4.3477973304464776E-02   4.4889581117546512E-02   6.2413361819072988E-01   1.1102230246251565E-15   1.1830615442726337E+01  -4.7635725344351537E-01   4.2807977948714979E-02   4.3999999999999999E-05   3.8741100000000372E-01   4.6000000000000007E-05   7.2369999999999995E-03   3.9524399999999998E-01   2.0999999999999999E-05
 
       1       54   4.6015685039370084E+01     2500        0   0.0000000000000000E+00   2.9197613078468572E+00   8.9729521007658586E-01   0.0000000000000000E+00   1.2797528681230805E-01  -3.9539911344373097E-01   3.6066581058745682E-02   4.3479541930832061E-02   4.4377378646568592E-02   6.2419204366749648E-01   1.1084883011491797E-15   1.1830428328033207E+01  -4.7635725344351537E-01   4.2807977948714979E-02   4.1999999999999998E-05   3.7404100000000329E-01   3.8999999999999999E-05   1.2468000000000002E-02   3.8690799999999997E-01   2.0999999999999999E-05
 
       1       55   4.6883905511811022E+01     2500        0   0.0000000000000000E+00   2.9150362061028012E+00   8.9754814327084997E-01   0.0000000000000000E+00   1.2407539852142953E-01  -3.9570821772876075E-01   3.6066581058745682E-02   4.3479089513411465E-02   4.3849450223031654E-02   6.2374877496855763E-01   1.1102230246251565E-15   1.1830283509813864E+01  -4.7635725344351537E-01   4.2807977948714979E-02   4.1000000000000000E-05   3.7457500000000260E-01   3.9000000000000006E-05   1.9328000000000001E-02   3.9435100000000001E-01   2.1999999999999999E-05
 
       1       56   4.7752125984251968E+01     2500        0   0.0000000000000000E+00   2.9246961783210539E+00   8.9722439635345019E-01   0.0000000000000000E+00   1.2057343556653204E-01  -3.9539748509760264E-01   3.6066581058745682E-02   4.3479989704889109E-02   4.3270897018765700E-02   6.2278080648191037E-01   1.1084883011491797E-15   1.1830184299834976E+01  -4.7635725344351537E-01   4.2807977948714979E-02   4.5000000000000003E-05   3.6586400000000335E-01   3.8999999999999999E-05   1.5733999999999998E-02   3.8194800000000001E-01   2.0000000000000002E-05
 
       1       57   4.8620346456692907E+01     2500        0   0.0000000000000000E+00   2.9196614547362061E+00   8.9645421833993988E-01   0.0000000000000000E+00   1.1774023365214084E-01  -3.9470868181263019E-01   3.6066581058745682E-02   4.3480305031164276E-02   4.2657537575147286E-02   6.2126058396976414E-01   1.1102230246251565E-15   1.1830134049264245E+01  -4.7635725344351537E-01   4.2807977948714979E-02   4.1000000000000000E-05   3.6604000000000503E-01   3.6000000000000001E-05   1.2430000000000000E-02   3.7886700000000001E-01   2.1999999999999999E-05
 
       1       58   4.9488566929133853E+01     2500        0   0.0000000000000000E+00   2.9070028244415402E+00   8.9554148418739821E-01   0.0000000000000000E+00   1.1571422422898378E-01  -3.9382424273843730E-01   3.6066581058745682E-02   4.3476499784359801E-02   4.3004953582918788E-02   6.2232903168188247E-01   1.1084883011491797E-15   1.1830135983348633E+01  -4.7635725344351537E-01   4.2807977948714979E-02   4.1999999999999998E-05   3.7647700000000395E-01   3.9999999999999996E-05   2.9242999999999998E-02   4.0612199999999998E-01   2.0999999999999999E-05
 
       1       59   5.0356787401574799E+01     2500        0   0.0000000000000000E+00   2.9185146981605086E+00   8.9469972556610200E-01   0.0000000000000000E+00   1.1457697701382141E-01  -3.9280061241336056E-01   3.6066581058745682E-02   4.3480894648622481E-02   4.3571020169707757E-02   6.2340780069549973E-01   1.1102230246251565E-15   1.1830193287802597E+01  -4.7635725344351537E-01   4.2807977948714979E-02   4.1000000000000000E-05   3.6237900000000439E-01   3.8999999999999999E-05   1.6495000000000003E-02   3.7924600000000003E-01   2.0999999999999999E-05
 
       1       60   5.1225007874015745E+01     2500        0   0.0000000000000000E+00   2.9339097032429735E+00   8.9407431724735831E-01   0.0000000000000000E+00   1.1437749568347465E-01  -3.9170208885876051E-01   3.6066581058745682E-02   4.3480946345676050E-02   4.4167711347687412E-02   6.2404828475043472E-01   1.1084883011491797E-15   1.1830309106855145E+01  -4.7635725344351537E-01   4.2807977948714979E-02   4.1999999999999998E-05   3.8153200000000465E-01   4.2000000000000004E-05   2.4568000000000006E-02   4.0649999999999997E-01   2.0000000000000002E-05
 
       1       61   5.2093228346456691E+01     2500        0   0.0000000000000000E+00   2.9296262245307725E+00   8.9380940194952585E-01   0.0000000000000000E+00   1.1507343481112353E-01  -3.9059606272874187E-01   3.6066581058745682E-02   4.3475175591215005E-02   4.4813613583858762E-02   6.2422172134050713E-01   1.1084883011491797E-15   1.1830486404588637E+01  -4.7635725344351537E-01   4.2807977948714979E-02   4.1999999999999998E-05   3.6986200000000374E-01   3.7999999999999995E-05   1.8028000000000002E-02   3.8835399999999998E-01   2.9000000000000000E-05
 
       1       62   5.2961448818897630E+01     2500        0   0.0000000000000000E+00   2.9172512758140403E+00   8.9392728976972413E-01   0.0000000000000000E+00   1.1655705477773767E-01  -3.8948233768465296E-01   3.6066581058745682E-02   4.3480689641281017E-02   4.5473649881307150E-02   6.2389985398370840E-01   1.1084883011491797E-15   1.1830728095987018E+01  -4.7635725344351537E-01   4.2807977948714979E-02   4.1000000000000000E-05   3.6937400000000253E-01   4.3999999999999999E-05   1.7066000000000001E-02   3.8678699999999999E-01   2.0999999999999999E-05
 
       1       63   5.3829669291338575E+01     2500        0   0.0000000000000000E+00   2.9127312776040037E+00   8.9435327834538858E-01   0.0000000000000000E+00   1.1873473196759168E-01  -3.8838181676749439E-01   3.6066581058745682E-02   4.3480478311906615E-02   4.6178655441716787E-02   6.2306311877586873E-01   1.1084883011491797E-15   1.1831036953992079E+01  -4.7635725344351537E-01   4.2807977948714979E-02   5.8000000000000000E-05   3.6514700000000244E-01   3.7999999999999995E-05   2.4537000000000007E-02   3.9007500000000001E-01   2.0999999999999999E-05
 
       1       64   5.4697889763779521E+01     2500        0   0.0000000000000000E+00   2.9097230663797777E+00   8.9504002585602882E-01   0.0000000000000000E+00   1.2147699071123449E-01  -3.8737900961269928E-01   3.6066581058745682E-02   4.3478203339415905E-02   4.6911586604484308E-02   6.2167971273562128E-01   1.1084883011491797E-15   1.1831415542676501E+01  -4.7635725344351537E-01   4.2807977948714979E-02   4.1999999999999998E-05   3.9431600000000261E-01   3.7999999999999995E-05   1.4792000000000001E-02   4.0953899999999999E-01   2.0999999999999999E-05
 
       1       65   5.5566110236220467E+01     2500        0   0.0000000000000000E+00   2.8991155591059199E+00   8.9583735532877451E-01   0.0000000000000000E+00   1.2455249012396044E-01  -3.8651315013162735E-01   3.6066581058745682E-02   4.3479376226342618E-02   4.7655012700015716E-02   6.1972261465793588E-01   1.1102230246251565E-15   1.1831866350548726E+01  -4.7635725344351537E-01   4.2807977948714979E-02   4.1999999999999998E-05   4.0078500000000511E-01   3.8000000000000002E-05   1.9617000000000006E-02   4.2081400000000002E-01   2.0000000000000002E-05
 
       1       66   5.6434330708661413E+01     2500        0   0.0000000000000000E+00   2.8879557842500709E+00   8.9640457944750562E-01   0.0000000000000000E+00   1.2773808248744836E-01  -3.8581110817943953E-01   3.6066581058745682E-02   4.3478899409331508E-02   4.8454412090656609E-02   6.1716693936231337E-01   1.1084883011491797E-15   1.1832391622580216E+01  -4.7635725344351537E-01   4.2807977948714979E-02   4.1000000000000000E-05   3.7426000000000620E-01   3.8999999999999999E-05   2.1866000000000000E-02   3.9648400000000000E-01   2.0999999999999999E-05
 
       1       67   5.7302551181102359E+01     2500        0   0.0000000000000000E+00   2.8884456989206875E+00   8.9649821631630988E-01   0.0000000000000000E+00   1.3090287514474991E-01  -3.8544486161819236E-01   3.6066581058745682E-02   4.3480118295561997E-02   4.9260097579204826E-02   6.1399781508880824E-01   1.1102230246251565E-15   1.1832993389239022E+01  -4.7635725344351537E-01   4.2807977948714979E-02   4.3000000000000002E-05   3.5670900000000350E-01   3.6999999999999991E-05   1.9466000000000004E-02   3.7653500000000001E-01   2.1999999999999999E-05
 
       1       68   5.8170771653543305E+01     2500        0   0.0000000000000000E+00   2.9045578935020431E+00   8.9616514172666628E-01   0.0000000000000000E+00   1.3387895235788477E-01  -3.8565402995416265E-01   3.6066581058745682E-02   4.3480409468789512E-02   5.0086577873855370E-02   6.1019498423441487E-01   1.1102230246251565E-15   1.1833673550264539E+01  -4.7635725344351537E-01   4.2807977948714979E-02   4.1999999999999998E-05   3.8389000000000140E-01   4.2000000000000004E-05   1.8967000000000001E-02   4.0324800000000000E-01   3.1000000000000001E-05
 
       1       69   5.9038992125984244E+01     2500        0   0.0000000000000000E+00   2.9167453174404363E+00   8.9552979058641657E-01   0.0000000000000000E+00   1.3638216341590775E-01  -3.8653562447034207E-01   3.6066581058745682E-02   4.3476208155343601E-02   5.0946479912031870E-02   6.0756920028879347E-01   1.1102230246251565E-15   1.1834433682271047E+01  -4.7635725344351537E-01   4.2807977948714979E-02   8.6000000000000003E-05   3.7554700000000035E-01   3.8000000000000002E-05   1.5252999999999999E-02   3.9126600000000000E-01   3.3000000000000003E-05
 
       1       70   5.9907212598425190E+01     2500        0   0.0000000000000000E+00   2.9128306804693516E+00   8.9465826049633002E-01   0.0000000000000000E+00   1.3815411969451993E-01  -3.8807788490683703E-01   3.6066581058745682E-02   4.3480921930781999E-02   5.1806012801475322E-02   6.0756919996073877E-01   1.1087051415836768E-15   1.1835275155501979E+01  -4.7635725344351537E-01   4.2807977948714979E-02   8.3999999999999995E-05   3.9153400000000271E-01   4.5000000000000003E-05   1.5054000000000001E-02   4.0703899999999998E-01   3.0000000000000001E-05
 
       1       71   6.0775433070866136E+01     2500        0   0.0000000000000000E+00   2.9060720024957281E+00   8.9371337616676738E-01   0.0000000000000000E+00   1.3903663616646930E-01  -3.9029231771831868E-01   3.6066581058745682E-02   4.3480949656769359E-02   5.2693931976798454E-02   6.0756920040293660E-01   1.1102230246251565E-15   1.1836199123996977E+01  -4.7635725344351537E-01   4.2807977948714979E-02   5.5000000000000002E-05   3.6299800000000454E-01   3.8999999999999999E-05   2.9149000000000005E-02   3.9258300000000002E-01   3.4000000000000000E-05
 
       1       72   6.1643653543307082E+01     2500        0   0.0000000000000000E+00   2.9126472774460650E+00   8.9295586045303443E-01   0.0000000000000000E+00   1.3885296844958397E-01  -3.9313018174050929E-01   3.6066581058745682E-02   4.3475497931920556E-02   5.3592487588991523E-02   6.0756920012410642E-01   1.1093556628871681E-15   1.1837206376862209E+01  -4.7635725344351537E-01   4.2807977948714979E-02   4.8000000000000001E-05   3.6248400000000358E-01   4.4999999999999996E-05   1.7871000000000005E-02   3.8071899999999997E-01   3.1000000000000001E-05
 
       1       73   6.2511874015748027E+01     2500        0   0.0000000000000000E+00   2.9215159101217520E+00   8.9253449726906275E-01   0.0000000000000000E+00   1.3739233571496273E-01  -3.9638264706914139E-01   3.6066581058745682E-02   4.3480615754149528E-02   5.4482662732357599E-02   6.0756920005470660E-01   1.1102230246251565E-15   1.1838297502439064E+01  -4.7635725344351537E-01   4.2807977948714979E-02   5.5999999999999999E-05   3.7439900000000575E-01   4.0999999999999994E-05   1.3028000000000000E-02   3.8782699999999998E-01   2.0999999999999999E-05
 
       1       74   6.3380094488188973E+01     2500        0   0.0000000000000000E+00   2.9082164353868287E+00   8.9249990825378844E-01   0.0000000000000000E+00   1.3458413507338565E-01  -3.9980097365604134E-01   3.6066581058745682E-02   4.3480380356202331E-02   5.5406018867364376E-02   6.0756920044895013E-01   1.1087051415836768E-15   1.1839472774997441E+01  -4.7635725344351537E-01   4.2807977948714979E-02   4.1999999999999998E-05   3.7663400000000163E-01   3.9999999999999996E-05   1.5286000000000001E-02   3.9230300000000001E-01   2.0999999999999999E-05
 
       1       75   6.4248314960629926E+01     2500        0   0.0000000000000000E+00   2.8793182225670435E+00   8.9296268528304412E-01   0.0000000000000000E+00   1.3058228899098298E-01  -4.0317084396366559E-01   3.6066581058745682E-02   4.3478424115467977E-02   5.6317413308497925E-02   6.0756919998461745E-01   1.1087051415836768E-15   1.1840732098897465E+01  -4.7635725344351537E-01   4.2807977948714979E-02   4.3999999999999999E-05   3.6447400000000385E-01   3.9999999999999996E-05   8.0630000000000007E-03   3.7295000000000000E-01   2.0999999999999999E-05
 
       1       76   6.5116535433070865E+01     2500        0   0.0000000000000000E+00   2.8574062014869481E+00   8.9397304709221659E-01   0.0000000000000000E+00   1.2570122020259092E-01  -4.0619055349535255E-01   3.6066581058745682E-02   4.3479201312591406E-02   5.7220835687189074E-02   6.0756920018163629E-01   1.1087051415836768E-15   1.1842075168060058E+01  -4.7635725344351537E-01   4.2807977948714979E-02   4.1999999999999998E-05   3.7341700000000327E-01   4.2999999999999995E-05   1.5542000000000000E-02   3.8935399999999998E-01   2.3000000000000000E-05
 
       1       77   6.5984755905511818E+01     2500        0   0.0000000000000000E+00   2.8463001505138590E+00   8.9531395564626293E-01   0.0000000000000000E+00   1.2038591666888337E-01  -4.0849119734686279E-01   3.6066581058745682E-02   4.3478700050018845E-02   5.8140277476222531E-02   6.0756920040659546E-01   1.1102230246251565E-15   1.1843501274555676E+01  -4.7635725344351537E-01   4.2807977948714979E-02   4.3000000000000002E-05   3.7804000000000476E-01   4.2000000000000004E-05   1.9938000000000001E-02   3.9838299999999999E-01   2.0000000000000002E-05
 
       1       78   6.6852976377952757E+01     2500        0   0.0000000000000000E+00   2.8437498461086985E+00   8.9665524768676308E-01   0.0000000000000000E+00   1.1519950921531592E-01  -4.0987111516989772E-01   3.6066581058745682E-02   4.3480237639576265E-02   5.9035377594451065E-02   6.0756919993008685E-01   1.1087051415836768E-15   1.1845009367253468E+01  -4.7635725344351537E-01   4.2807977948714979E-02   4.3000000000000002E-05   3.7258600000000325E-01   4.5000000000000003E-05   2.0682000000000002E-02   3.9365099999999997E-01   3.0000000000000001E-05
 
       1       79   6.7721196850393710E+01     2500        0   0.0000000000000000E+00   2.8642723553954683E+00   8.9782717377509902E-01   0.0000000000000000E+00   1.1074668067431200E-01  -4.1032624267129320E-01   3.6066581058745682E-02   4.3480504687939847E-02   5.9922745579306880E-02   6.0756920031042916E-01   1.1087051415836768E-15   1.1846598146727231E+01  -4.7635725344351537E-01   4.2807977948714979E-02   5.5000000000000002E-05   3.7212800000000529E-01   4.5000000000000003E-05   1.8032000000000003E-02   3.9065299999999997E-01   2.0999999999999999E-05
 
       1       80   6.8589417322834649E+01     2500        0   0.0000000000000000E+00   2.8948525599170463E+00   8.9875695218370144E-01   0.0000000000000000E+00   1.0763352282794250E-01  -4.0984901772491417E-01   3.6066581058745682E-02   4.3475907259074957E-02   6.0804799986694788E-02   6.0756920027441175E-01   1.1087051415836768E-15   1.1848265859769480E+01  -4.7635725344351537E-01   4.2807977948714979E-02   4.1999999999999998E-05   4.0006300000000478E-01   4.0999999999999994E-05   1.8132000000000006E-02   4.1856700000000002E-01   2.0999999999999999E-05
 
       1       81   6.9457637795275588E+01     2500        0   0.0000000000000000E+00   2.9093607860603017E+00   8.9928316676857145E-01   0.0000000000000000E+00   1.0644443925615849E-01  -4.0844608780270325E-01   3.6066581058745682E-02   4.3480939978839075E-02   6.1651970558992249E-02   6.0756919996712488E-01   1.1087051415836768E-15   1.1850010454359218E+01  -4.7635725344351537E-01   4.2807977948714979E-02   4.1999999999999998E-05   3.8980100000000556E-01   4.0999999999999994E-05   1.6916999999999995E-02   4.0721400000000002E-01   2.0999999999999999E-05
 
       1       82   7.0325858267716541E+01     2500        0   0.0000000000000000E+00   2.9106523161199362E+00   8.9924602078226301E-01   0.0000000000000000E+00   1.0756055543809497E-01  -4.0634748488592443E-01   3.6066581058745682E-02   4.3480943736450284E-02   6.2489104269303812E-02   6.0756920040998608E-01   1.1087051415836768E-15   1.1851829565683447E+01  -4.7635725344351537E-01   4.2807977948714979E-02   4.3000000000000002E-05   3.7398300000000262E-01   4.1000000000000000E-05   1.8268000000000003E-02   3.9263700000000001E-01   2.0999999999999999E-05
 
       1       83   7.1194078740157480E+01     2500        0   0.0000000000000000E+00   2.9134772057775558E+00   8.9863324593773741E-01   0.0000000000000000E+00   1.1095895885657116E-01  -4.0395714090341622E-01   3.6066581058745682E-02   4.3475811002877611E-02   6.3300985915436758E-02   6.0756920010937510E-01   1.1087051415836768E-15   1.1853720372787247E+01  -4.7635725344351537E-01   4.2807977948714979E-02   4.6999999999999997E-05   4.4302900000000239E-01   3.8000000000000002E-05   1.0372000000000001E-02   4.5383000000000001E-01   2.0000000000000002E-05
 
       1       84   7.2062299212598433E+01     2500        0   0.0000000000000000E+00   2.9052072837746326E+00   8.9750087401927359E-01   0.0000000000000000E+00   1.1629395264282499E-01  -4.0163292371726050E-01   3.6066581058745682E-02   4.3480532645786676E-02   6.4067052923646423E-02   6.0756920006538673E-01   1.1087051415836768E-15   1.1855679798658031E+01  -4.7635725344351537E-01   4.2807977948714979E-02   4.0000000000000003E-05   4.1242400000000157E-01   3.9000000000000006E-05   1.5923000000000000E-02   4.2884000000000000E-01   2.0000000000000002E-05
 
       1       85   7.2930519685039371E+01     2500        0   0.0000000000000000E+00   2.8648936187396603E+00   8.9593875112334787E-01   0.0000000000000000E+00   1.2309016597202369E-01  -3.9973415958369335E-01   3.6066581058745682E-02   4.3480273156462947E-02   6.4818515947855315E-02   6.0756920044920681E-01   1.1087051415836768E-15   1.1857704383970034E+01  -4.7635725344351537E-01   4.2807977948714979E-02   4.1000000000000000E-05   4.1376500000000449E-01   3.8999999999999999E-05   1.8568999999999999E-02   4.3271199999999999E-01   2.0000000000000002E-05
 
       1       86   7.3798740157480324E+01     2500        0   0.0000000000000000E+00   2.8187850388790396E+00   8.9422544972943041E-01   0.0000000000000000E+00   1.3066128799231197E-01  -3.9877009960640419E-01   3.6066581058745682E-02   4.3478635633724429E-02   6.5526617705195550E-02   6.0756919997536452E-01   1.1087051415836768E-15   1.1859790255489225E+01  -4.7635725344351537E-01   4.2807977948714979E-02   4.1000000000000000E-05   4.1844800000000698E-01   4.1000000000000007E-05   2.6502999999999995E-02   4.4556400000000002E-01   2.0000000000000002E-05
 
       1       87   7.4666960629921263E+01     2500        0   0.0000000000000000E+00   2.8055078870720465E+00   8.9278500154000551E-01   0.0000000000000000E+00   1.3797913818346386E-01  -3.9921057072356630E-01   3.6066581058745682E-02   4.3479144571164252E-02   6.6177950080542239E-02   6.0756920019377625E-01   1.1087051415836768E-15   1.1861933310573455E+01  -4.7635725344351537E-01   4.2807977948714979E-02   4.1000000000000000E-05   3.7420500000000334E-01   4.0000000000000003E-05   1.3330000000000000E-02   3.8791399999999998E-01   2.0999999999999999E-05
 
       1       88   7.5535181102362202E+01     2500        0   0.0000000000000000E+00   2.8346411558980820E+00   8.9187074523856924E-01   0.0000000000000000E+00   1.4395016450597753E-01  -4.0119407697551940E-01   3.6066581058745682E-02   4.3478491434363963E-02   6.6808229218938239E-02   6.0756920039758455E-01   1.1087051415836768E-15   1.1864129014446695E+01  -4.7635725344351537E-01   4.2807977948714979E-02   4.1999999999999998E-05   3.6644500000000535E-01   3.6999999999999998E-05   1.4198999999999998E-02   3.8097500000000001E-01   2.0000000000000002E-05
 
       1       89   7.6403401574803155E+01     2500        0   0.0000000000000000E+00   2.8769670434467356E+00   8.9148578912474363E-01   0.0000000000000000E+00   1.4783382730882191E-01  -4.0461163941668921E-01   3.6066581058745682E-02   4.3480347738064175E-02   6.7379264868098379E-02   6.0756919993010716E-01   1.1087051415836768E-15   1.1866372495958560E+01  -4.7635725344351537E-01   4.2807977948714979E-02   5.7000000000000003E-05   3.8790500000000816E-01   3.8999999999999999E-05   7.5020000000000000E-03   3.9620899999999998E-01   2.0000000000000002E-05
 
       1       90   7.7271622047244094E+01     2500        0   0.0000000000000000E+00   2.8834241500006454E+00   8.9165811039391030E-01   0.0000000000000000E+00   1.4924201969906536E-01  -4.0933352976878828E-01   3.6066581058745682E-02   4.3480590687422091E-02   6.7882940743247480E-02   6.0756920032119155E-01   1.1087051415836768E-15   1.1868658651592343E+01  -4.7635725344351537E-01   4.2807977948714979E-02   4.1000000000000000E-05   3.6171000000000592E-01   3.6000000000000001E-05   1.3958000000000000E-02   3.7602300000000000E-01   1.9000000000000001E-05
 
       1       91   7.8139842519685047E+01     2500        0   0.0000000000000000E+00   2.8623067214588565E+00   8.9252844837487955E-01   0.0000000000000000E+00   1.4793260251819573E-01  -4.1511293618325751E-01   3.6066581058745682E-02   4.3475597094473295E-02   6.8357702011168642E-02   6.0756920025975669E-01   1.1087051415836768E-15   1.1870981941926846E+01  -4.7635725344351537E-01   4.2807977948714979E-02   4.3000000000000002E-05   3.9123600000000630E-01   3.7999999999999995E-05   8.1139999999999997E-03   3.9975400000000000E-01   2.0000000000000002E-05
 
       1       92   7.9008062992125986E+01     2500        0   0.0000000000000000E+00   2.8562158739692136E+00   8.9405661574434447E-01   0.0000000000000000E+00   1.4393436389116485E-01  -4.2139059941963170E-01   3.6066581058745682E-02   4.3480948793954720E-02   6.8759907985451604E-02   6.0756919997401881E-01   1.1087051415836768E-15   1.1873336584633996E+01  -4.7635725344351537E-01   4.2807977948714979E-02   4.1000000000000000E-05   3.5997200000000457E-01   3.9999999999999990E-05   1.6917999999999999E-02   3.7724500000000000E-01   2.8000000000000000E-05
 
       1       93   7.9876283464566939E+01     2500        0   0.0000000000000000E+00   2.8759870849882274E+00   8.9585353438622251E-01   0.0000000000000000E+00   1.3779868557995611E-01  -4.2744546591468052E-01   3.6066581058745682E-02   4.3480928583554311E-02   6.9084927076215399E-02   6.0756920041653317E-01   1.1087051415836768E-15   1.1875716537580759E+01  -4.7635725344351537E-01   4.2807977948714979E-02   8.8999999999999995E-05   3.8102900000000300E-01   4.6999999999999997E-05   1.8066999999999996E-02   3.9977800000000002E-01   2.9000000000000000E-05
 
       1       94   8.0744503937007877E+01     2500        0   0.0000000000000000E+00   2.8772517512018299E+00   8.9741289835844873E-01   0.0000000000000000E+00   1.3045002055324645E-01  -4.3268831519974899E-01   3.6066581058745682E-02   4.3476114805163335E-02   6.9372306049889726E-02   6.0756920009490201E-01   1.1087051415836768E-15   1.1878115373946725E+01  -4.7635725344351537E-01   4.2807977948714979E-02   6.3999999999999997E-05   3.7525500000000334E-01   3.4999999999999997E-05   1.2499999999999997E-02   3.8830599999999998E-01   2.0000000000000002E-05
 
       1       95   8.1612724409448816E+01     2500        0   0.0000000000000000E+00   2.8588911617872483E+00   8.9837999414453440E-01   0.0000000000000000E+00   1.2284162119748321E-01  -4.3670484456389069E-01   3.6066581058745682E-02   4.3480440317382206E-02   6.9576661615311605E-02   6.0756920007631854E-01   1.1087051415836768E-15   1.1880526511850853E+01  -4.7635725344351537E-01   4.2807977948714979E-02   4.1000000000000000E-05   3.5923400000000433E-01   3.8999999999999999E-05   1.6237000000000001E-02   3.7584400000000001E-01   2.0000000000000002E-05
 
       1       96   8.2480944881889769E+01     2500        0   0.0000000000000000E+00   2.8476980935094498E+00   8.9858758325615007E-01   0.0000000000000000E+00   1.1592569314341530E-01  -4.3921488368493400E-01   3.6066581058745682E-02   4.3480156711552774E-02   6.9695162193828292E-02   6.0756920044870388E-01   1.1087051415836768E-15   1.1882943081532780E+01  -4.7635725344351537E-01   4.2807977948714979E-02   4.1000000000000000E-05   3.6036700000000255E-01   4.1000000000000000E-05   9.0039999999999981E-03   3.6975700000000000E-01   2.0999999999999999E-05
 
       1       97   8.3349165354330708E+01     2500        0   0.0000000000000000E+00   2.8416236649199398E+00   8.9803781604965338E-01   0.0000000000000000E+00   1.1071834885793046E-01  -4.4023122226527461E-01   3.6066581058745682E-02   4.3478837895291285E-02   6.9767043919201577E-02   6.0756919996690073E-01   1.1087051415836768E-15   1.1885357924782227E+01  -4.7635725344351537E-01   4.2807977948714979E-02   4.1000000000000000E-05   3.6546200000000312E-01   4.4999999999999989E-05   2.1017000000000001E-02   3.8681300000000002E-01   2.1999999999999999E-05
 
       1       98   8.4217385826771661E+01     2500        0   0.0000000000000000E+00   2.8402352446972974E+00   8.9695348632757466E-01   0.0000000000000000E+00   1.0800311400833142E-01  -4.4015138077959914E-01   3.6066581058745682E-02   4.3479322372276384E-02   6.9748466906082468E-02   6.0756920020590821E-01   1.1087051415836768E-15   1.1887763795049347E+01  -4.7635725344351537E-01   4.2807977948714979E-02   4.1999999999999998E-05   3.5904600000000308E-01   4.0999999999999994E-05   1.3231000000000001E-02   3.7263299999999999E-01   2.0999999999999999E-05
 
       1       99   8.5085606299212600E+01     2500        0   0.0000000000000000E+00   2.8539848438800925E+00   8.9573174815998946E-01   0.0000000000000000E+00   1.0796081101468791E-01  -4.3950896881111629E-01   3.6066581058745682E-02   4.3478273561259953E-02   6.9636904067020888E-02   6.0756920038781759E-01   1.1087051415836768E-15   1.1890153154286551E+01  -4.7635725344351537E-01   4.2807977948714979E-02   4.8000000000000001E-05   3.7351600000000557E-01   4.1999999999999998E-05   1.2801999999999999E-02   3.8671699999999998E-01   2.0999999999999999E-05
 
       1      100   8.5953826771653553E+01     2500        0   0.0000000000000000E+00   2.8643421658913208E+00   8.9474632264128362E-01   0.0000000000000000E+00   1.1023574365135613E-01  -4.3870817091510605E-01   3.6066581058745682E-02   4.3480448592160589E-02   6.9470146412532935E-02   6.0756919993087311E-01   1.1087051415836768E-15   1.1892518303428229E+01  -4.7635725344351537E-01   4.2807977948714979E-02   4.1000000000000000E-05   3.5173100000000196E-01   4.0000000000000003E-05   1.6395000000000000E-02   3.6849999999999999E-01   2.0999999999999999E-05
 
       1      101   8.6822047244094492E+01     2500        0   0.0000000000000000E+00   2.8696745945640383E+00   8.9421327464099276E-01   0.0000000000000000E+00   1.1421143693466138E-01  -4.3808610624812694E-01   3.6066581058745682E-02   4.3480667466045744E-02   6.9208620853987282E-02   6.0756920033168704E-01   1.1087051415836768E-15   1.1894851487660640E+01  -4.7635725344351537E-01   4.2807977948714979E-02   4.1000000000000000E-05   3.6929599999999890E-01   3.9000000000000006E-05   1.8694000000000002E-02   3.8837500000000003E-01   1.9000000000000001E-05
 
       1      102   8.7690267716535431E+01     2500        0   0.0000000000000000E+00   2.8667011061252863E+00   8.9421618376897916E-01   0.0000000000000000E+00   1.1906620664072365E-01  -4.3799865426525653E-01   3.6066581058745682E-02   4.3475277660460596E-02   6.8848862511196804E-02   6.0756920024487648E-01   1.1087051415836768E-15   1.1897144705978278E+01  -4.7635725344351537E-01   4.2807977948714979E-02   4.1000000000000000E-05   3.6190499999999942E-01   4.1999999999999998E-05   1.1250000000000000E-02   3.7354700000000002E-01   2.0000000000000002E-05
 
       1      103   8.8558488188976384E+01     2500        0   0.0000000000000000E+00   2.8643994813791305E+00   8.9473284417157806E-01   0.0000000000000000E+00   1.2383901045976259E-01  -4.3859689645079170E-01   3.6066581058745682E-02   4.3480948377292543E-02   6.8426417112415858E-02   6.0756919998139947E-01   1.1087051415836768E-15   1.1899389931149457E+01  -4.7635725344351537E-01   4.2807977948714979E-02   4.1000000000000000E-05   3.5847400000000346E-01   4.0000000000000003E-05   6.8969999999999986E-03   3.6578800000000000E-01   2.6999999999999999E-05
 
       1      104   8.9426708661417322E+01     2500        0   0.0000000000000000E+00   2.8649658609886042E+00   8.9557211529650183E-01   0.0000000000000000E+00   1.2779475797722800E-01  -4.3962361726866556E-01   3.6066581058745682E-02   4.3480904196919648E-02   6.7908009916492013E-02   6.0756920042255513E-01   1.1087051415836768E-15   1.1901579087415817E+01  -4.7635725344351537E-01   4.2807977948714979E-02   4.3999999999999999E-05   3.6512100000000119E-01   3.5999999999999994E-05   1.7371000000000001E-02   3.8292900000000002E-01   2.0999999999999999E-05
 
       1      105   9.0294929133858275E+01     2500        0   0.0000000000000000E+00   2.8662957383944430E+00   8.9638203787346460E-01   0.0000000000000000E+00   1.3070015683239664E-01  -4.4066163371963035E-01   3.6066581058745682E-02   4.3476409339857518E-02   6.7288308244410025E-02   6.0756920008073600E-01   1.1087051415836768E-15   1.1903703949688353E+01  -4.7635725344351537E-01   4.2807977948714979E-02   4.1000000000000000E-05   3.6088300000000162E-01   3.2999999999999996E-05   1.2213000000000002E-02   3.7376399999999999E-01   2.0000000000000002E-05
 
       1      106   9.1163149606299214E+01     2500        0   0.0000000000000000E+00   2.8674881574257935E+00   8.9684354414209277E-01   0.0000000000000000E+00   1.3265393985525142E-01  -4.4153807003015488E-01   3.6066581058745682E-02   4.3480338770128392E-02   6.6600195090334768E-02   6.0756920008747728E-01   1.1087051415836768E-15   1.1905756386801901E+01  -4.7635725344351537E-01   4.2807977948714979E-02   4.6000000000000000E-05   3.6149500000000384E-01   3.6999999999999998E-05   1.3795000000000000E-02   3.7569999999999998E-01   2.0999999999999999E-05
 
       1      107   9.2031370078740167E+01     2500        0   0.0000000000000000E+00   2.8675627400794719E+00   8.9688870395839104E-01   0.0000000000000000E+00   1.3385358835272329E-01  -4.4235381910050359E-01   3.6066581058745682E-02   4.3480031020338712E-02   6.5817921185110262E-02   6.0756920044741580E-01   1.1087051415836768E-15   1.1907728225257841E+01  -4.7635725344351537E-01   4.2807977948714979E-02   4.3000000000000002E-05   3.6676400000000325E-01   3.7000000000000005E-05   1.7700999999999998E-02   3.8485300000000000E-01   2.0000000000000002E-05
 
       1      108   9.2899590551181106E+01     2500        0   0.0000000000000000E+00   2.8675627406049466E+00   8.9670142483849347E-01   0.0000000000000000E+00   1.3464423540325121E-01  -4.4323523763475198E-01   3.6066581058745682E-02   4.3479030901277256E-02   6.4933720028470587E-02   6.0756919995927527E-01   1.1087051415836768E-15   1.1909611276203648E+01  -4.7635725344351537E-01   4.2807977948714979E-02   4.1999999999999998E-05   4.0759899999999916E-01   4.8000000000000001E-05   8.4300000000000017E-03   4.1648200000000002E-01   2.6999999999999999E-05
 
       1      109   9.3767811023622045E+01     2500        0   0.0000000000000000E+00   2.8675627403626511E+00   8.9651015013724245E-01   0.0000000000000000E+00   1.3545479409364189E-01  -4.4427494589923211E-01   3.6066581058745682E-02   4.3479490964507664E-02   6.3977815247643344E-02   6.0756920021800820E-01   1.1087051415836768E-15   1.1911397534991073E+01  -4.7635725344351537E-01   4.2807977948714979E-02   5.1999999999999997E-05   4.2773399999999934E-01   4.6999999999999997E-05   2.8804999999999997E-02   4.5704600000000001E-01   2.1999999999999999E-05
 
       1      110   9.4636031496062998E+01     2500        0   0.0000000000000000E+00   2.8675627402134531E+00   8.9640974453548028E-01   0.0000000000000000E+00   1.3634651356057681E-01  -4.4566485680165907E-01   3.6066581058745682E-02   4.3478046429602603E-02   6.2932314447137649E-02   6.0756920037734241E-01   1.1087051415836768E-15   1.1913078983564457E+01  -4.7635725344351537E-01   4.2807977948714979E-02   4.8999999999999998E-05   4.2262899999999981E-01   4.4000000000000006E-05   1.6680999999999998E-02   4.3974999999999997E-01   3.3000000000000003E-05
 
       1      111   9.5504251968503937E+01     2500        0   0.0000000000000000E+00   2.8675627406301527E+00   8.9637564189607954E-01   0.0000000000000000E+00   1.3674518724166268E-01  -4.4767163195094778E-01   3.6066581058745682E-02   4.3480540203003015E-02   6.1786857501329312E-02   6.0756919993235881E-01   1.1087051415836768E-15   1.1914647742407450E+01  -4.7635725344351537E-01   4.2807977948714979E-02   6.2000000000000003E-05   3.9640399999999998E-01   4.3999999999999992E-05   1.7368000000000001E-02   4.1422900000000001E-01   2.0000000000000002E-05
 
       1      112   9.6372472440944890E+01     2500        0   0.0000000000000000E+00   2.8675627402466510E+00   8.9637900486550315E-01   0.0000000000000000E+00   1.3586664432071147E-01  -4.5041336275226845E-01   3.6066581058745682E-02   4.3480735022622896E-02   6.0569458935200118E-02   6.0756920034189121E-01   1.1087051415836768E-15   1.1916096165383813E+01  -4.7635725344351537E-01   4.2807977948714979E-02   4.1999999999999998E-05   3.7191400000000119E-01   1.0800000000000000E-04   1.0099000000000000E-02   3.8244699999999998E-01   2.0999999999999999E-05
 
       1      113   9.7240692913385814E+01     2500        0   0.0000000000000000E+00   2.8675627403515898E+00   8.9643085199326289E-01   0.0000000000000000E+00   1.3335524181868119E-01  -4.5371413881470568E-01   3.6066581058745682E-02   4.3474948955961511E-02   5.9269452980038995E-02   6.0756920022981953E-01   1.1087051415836768E-15   1.1917416665481131E+01  -4.7635725344351537E-01   4.2807977948714979E-02   4.1999999999999998E-05   3.8145800000000463E-01   4.3999999999999999E-05   8.8279999999999990E-03   3.9068100000000000E-01   2.0000000000000002E-05
 
       1      114   9.8108913385826767E+01     2500        0   0.0000000000000000E+00   2.8675627405768891E+00   8.9653278854013663E-01   0.0000000000000000E+00   1.2945213977535255E-01  -4.5713906981281849E-01   3.6066581058745682E-02   4.3480938730018799E-02   5.7874163177425886E-02   6.0756919998924119E-01   1.1087051415836768E-15   1.1918601942190524E+01  -4.7635725344351537E-01   4.2807977948714979E-02   4.1000000000000000E-05   3.9762300000000589E-01   4.3000000000000002E-05   1.5141000000000000E-02   4.1311599999999998E-01   1.9000000000000001E-05
 
       1      115   9.8977133858267706E+01     2500        0   0.0000000000000000E+00   2.8675627401660111E+00   8.9664497331922488E-01   0.0000000000000000E+00   1.2478845212173670E-01  -4.6011207045970520E-01   3.6066581058745682E-02   4.3480870575387076E-02   5.6410304738354837E-02   6.0756920042802731E-01   1.1087051415836768E-15   1.1919644948286043E+01  -4.7635725344351537E-01   4.2807977948714979E-02   4.1000000000000000E-05   3.6510900000000363E-01   3.9999999999999996E-05   1.7063999999999999E-02   3.8255000000000000E-01   2.1999999999999999E-05
 
       1      116   9.9845354330708645E+01     2500        0   0.0000000000000000E+00   2.8675627405041220E+00   8.9671893894282295E-01   0.0000000000000000E+00   1.2020423922281732E-01  -4.6210793192541061E-01   3.6066581058745682E-02   4.3476694608042571E-02   5.4872809419556016E-02   6.0756920006692450E-01   1.1087051415836768E-15   1.1920538808561760E+01  -4.7635725344351537E-01   4.2807977948714979E-02   4.1999999999999998E-05   3.6242800000000475E-01   3.6999999999999998E-05   1.2810000000000002E-02   3.7563299999999999E-01   1.9000000000000001E-05
 
       1      117   1.0071357480314960E+02     2500        0   0.0000000000000000E+00   2.8675627404742543E+00   8.9673976960493151E-01   0.0000000000000000E+00   1.1656234074231184E-01  -4.6289386742010274E-01   3.6066581058745682E-02   4.3480228005220167E-02   5.3247416779329329E-02   6.0756920009883875E-01   1.1087051415836768E-15   1.1921277056126833E+01  -4.7635725344351537E-01   4.2807977948714979E-02   4.3000000000000002E-05   3.6737000000000092E-01   4.0000000000000003E-05   1.4648000000000001E-02   3.8236799999999999E-01   3.3000000000000003E-05
 
       1      118   1.0158179527559054E+02     2500        0   0.0000000000000000E+00   2.8675627401498200E+00   8.9672681179917302E-01   0.0000000000000000E+00   1.1447790071821735E-01  -4.6260387204654457E-01   3.6066581058745682E-02   4.3479896081690353E-02   5.1560910190170658E-02   6.0756920044531937E-01   1.1087051415836768E-15   1.1921853491336908E+01  -4.7635725344351537E-01   4.2807977948714979E-02   5.5000000000000002E-05   3.7663500000000405E-01   3.4000000000000000E-05   1.2825000000000000E-02   3.8986900000000002E-01   2.0000000000000002E-05
 
       1      119   1.0245001574803149E+02     2500        0   0.0000000000000000E+00   2.8675627406112549E+00   8.9670603501704826E-01   0.0000000000000000E+00   1.1422478610683949E-01  -4.6154192538449484E-01   3.6066581058745682E-02   4.3479214652793655E-02   4.9811184971820174E-02   6.0756919995253622E-01   1.1087051415836768E-15   1.1922262223070231E+01  -4.7635725344351537E-01   4.2807977948714979E-02   4.1000000000000000E-05   3.7555400000000144E-01   4.2999999999999995E-05   2.2739000000000002E-02   3.9890700000000001E-01   2.0999999999999999E-05
 
       1      120   1.0331823622047243E+02     2500        0   0.0000000000000000E+00   2.8675627403513704E+00   8.9668974017425429E-01   0.0000000000000000E+00   1.1587667115427254E-01  -4.5998962092816714E-01   3.6066581058745682E-02   4.3479650346644173E-02   4.7983587973261715E-02   6.0756920023005245E-01   1.1087051415836768E-15   1.1922497850547110E+01  -4.7635725344351537E-01   4.2807977948714979E-02   4.1999999999999998E-05   3.6162600000000467E-01   3.7000000000000005E-05   1.3725999999999999E-02   3.7573400000000001E-01   2.0999999999999999E-05
 
       1      121   1.0418645669291338E+02     2500        0   0.0000000000000000E+00   2.8675627402238795E+00   8.9667869147486745E-01   0.0000000000000000E+00   1.1927811888956402E-01  -4.5824668588714201E-01   3.6066581058745682E-02   4.3477810038290300E-02   4.7331618739125218E-02   6.0756920036620776E-01   1.1087051415836768E-15   1.1922555269814758E+01  -4.7635725344351537E-01   4.2807977948714979E-02   4.3000000000000002E-05   3.7692100000000317E-01   3.9999999999999996E-05   1.5682999999999999E-02   3.9296999999999999E-01   2.0999999999999999E-05
 
       1      122   1.0505467716535432E+02     2500        0   0.0000000000000000E+00   2.8675627406281174E+00   8.9667427367203889E-01   0.0000000000000000E+00   1.2377741299682105E-01  -4.5669631181941489E-01   3.6066581058745682E-02   4.3480622571731603E-02   4.9403574671915029E-02   6.0756919993454306E-01   1.1087051415836768E-15   1.1922429827502590E+01  -4.7635725344351537E-01   4.2807977948714979E-02   4.6000000000000000E-05   4.9921000000000504E-01   3.8999999999999999E-05   1.7516000000000000E-02   5.1737999999999995E-01   2.0999999999999999E-05
 
       1      123   1.0592289763779526E+02     2500        0   0.0000000000000000E+00   2.8675627402373820E+00   8.9668043546535148E-01   0.0000000000000000E+00   1.2829685421102768E-01  -4.5563895864434456E-01   3.6066581058745682E-02   4.3480793355968259E-02   5.1533565607435806E-02   6.0756920035178197E-01   1.1087051415836768E-15   1.1922117394114885E+01  -4.7635725344351537E-01   4.2807977948714979E-02   4.3999999999999999E-05   4.1537400000000468E-01   3.6999999999999998E-05   1.5115999999999999E-02   4.3092599999999998E-01   2.9000000000000000E-05
 
       1      124   1.0679111811023621E+02     2500        0   0.0000000000000000E+00   2.8675627403658184E+00   8.9669612147746991E-01   0.0000000000000000E+00   1.3194780502146264E-01  -4.5509020538526168E-01   3.6066581058745682E-02   4.3474610979903315E-02   5.3673773996959002E-02   6.0756920021463590E-01   1.1087051415836768E-15   1.1921614199321844E+01  -4.7635725344351537E-01   4.2807977948714979E-02   8.2999999999999998E-05   3.7246100000000537E-01   2.9999999999999997E-05   2.8063000000000001E-02   4.0095900000000001E-01   1.9000000000000001E-05
 
       1      125   1.0765933858267715E+02     2500        0   0.0000000000000000E+00   2.8675627405691286E+00   8.9671337470673462E-01   0.0000000000000000E+00   1.3448191351505268E-01  -4.5484583295590619E-01   3.6066581058745682E-02   4.3480919853302359E-02   5.5839965736282103E-02   6.0756919999752301E-01   1.1087051415836768E-15   1.1920917046265872E+01  -4.7635725344351537E-01   4.2807977948714979E-02   4.1000000000000000E-05   3.7018900000000116E-01   3.8999999999999993E-05   1.6417999999999999E-02   3.8700099999999998E-01   3.0000000000000001E-05
 
       1      126   1.0852755905511810E+02     2500        0   0.0000000000000000E+00   2.8675627401614139E+00   8.9672481095968637E-01   0.0000000000000000E+00   1.3604977144573510E-01  -4.5468602969815564E-01   3.6066581058745682E-02   4.3480827717799993E-02   5.8030437419404127E-02   6.0756920043292717E-01   1.1087051415836768E-15   1.1920023260815588E+01  -4.7635725344351537E-01   4.2807977948714979E-02   8.1000000000000004E-05   3.6508600000000108E-01   6.8999999999999997E-05   1.3326000000000001E-02   3.7887900000000002E-01   3.4000000000000000E-05
 
       1      127   1.0939577952755904E+02     2500        0   0.0000000000000000E+00   2.8675627405166906E+00   8.9672984832538849E-01   0.0000000000000000E+00   1.3675446604896294E-01  -4.5441872295505642E-01   3.6066581058745682E-02   4.3476970610803620E-02   6.0213809065373144E-02   6.0756920005351778E-01   1.1087051415836768E-15   1.1918930616469114E+01  -4.7635725344351537E-01   4.2807977948714979E-02   9.7000000000000000E-05   3.7358700000000117E-01   4.0000000000000003E-05   2.2675000000000001E-02   3.9677299999999999E-01   2.5000000000000001E-05
 
       1      128   1.1026400000000000E+02     2500        0   0.0000000000000000E+00   2.8675627404634412E+00   8.9673263674815484E-01   0.0000000000000000E+00   1.3661793566784508E-01  -4.5382519522225007E-01   3.6066581058745682E-02   4.3480108023855095E-02   6.2418312467402932E-02   6.0756920011038096E-01   1.1087051415836768E-15   1.1917637547117032E+01  -4.7635725344351537E-01   4.2807977948714979E-02   4.6000000000000000E-05   4.8386900000000105E-01   3.9000000000000006E-05   2.2549000000000003E-02   5.0683999999999996E-01   2.0999999999999999E-05
 
