# ialpha itau tau krylov_substeps krylov_halvings krylov_last_error krylov_max_h mask_norm_before mask_norm_inside mask_norm_outside mask_overlap_real field_max_abs_e_nir field_max_abs_e_xuv field_max_abs_e_total field_max_abs_a field_consistency_error field_a2_phase initial_energy initial_residual_norm timing_initialize_seconds timing_propagate_seconds timing_mask_seconds timing_project_seconds timing_total_seconds timing_synthesis_seconds
       1        1   0.0000000000000000E+00     1250        0   0.0000000000000000E+00   4.5476303546681445E+00   9.9855870970224403E-01   0.0000000000000000E+00   2.7085688214506854E-03   2.8291830828652559E-01   3.6066581058745682E-03   4.3479208012200633E-03   4.3566776808499387E-03   6.0756737591730302E-02   3.4694469519536142E-17   1.1843416149661851E-01  -4.9088795173704514E-01   2.7483116486493833E-02   1.8120000000000000E-03   9.4937670000000001E+00   4.3999999999999999E-05   3.4620200000000001E-01   9.8418810000000008E+00   1.4000000000000000E-05
 
       1        2   8.6822047244094480E-01     1250        0   0.0000000000000000E+00   4.5560116128901029E+00   9.9855247659123836E-01   0.0000000000000000E+00   2.8171148910380891E-03   2.8291478793677804E-01   3.6066581058745682E-03   4.3439874755787965E-03   4.3570392031204701E-03   6.0756737591730302E-02   3.4694469519536142E-17   1.1843412096258504E-01  -4.9088795173704514E-01   2.7483116486493833E-02   6.4999999999999994E-05   9.4380830000000007E+00   3.9999999999999996E-05   4.1639999999999993E-03   9.4424069999999993E+00   1.8000000000000000E-05
 
       1        3   1.7364409448818896E+00     1250        0   0.0000000000000000E+00   4.5571315910753265E+00   9.9857228815017030E-01   0.0000000000000000E+00   2.9433530177060789E-03   2.8292618613582865E-01   3.6066581058745682E-03   4.3477818958661081E-03   4.3660749603045210E-03   6.0756737591730302E-02   3.4694469519536142E-17   1.1843405617118553E-01  -4.9088795173704514E-01   2.7483116486493833E-02   9.1000000000000003E-05   9.2153869999999998E+00   3.5999999999999994E-05   1.0014000000000000E-02   9.2255789999999998E+00   1.2999999999999999E-05
 
       1        4   2.6046614173228346E+00     1250        0   0.0000000000000000E+00   4.5492239710373212E+00   9.9861016083692233E-01   0.0000000000000000E+00   3.0732971494432182E-03   2.8294987351515344E-01   3.6066581058745682E-03   4.3480619685835982E-03   4.3708266431673453E-03   6.0756737591730302E-02   3.4694469519536142E-17   1.1843395963092654E-01  -4.9088795173704514E-01   2.7483116486493833E-02   6.7999999999999999E-05   8.4319109999999995E+00   3.9999999999999996E-05   3.6340000000000001E-03   8.4356890000000000E+00   1.2000000000000000E-05
 
       1        5   3.4728818897637792E+00     1250        0   0.0000000000000000E+00   4.5399467007922061E+00   9.9865784536857427E-01   0.0000000000000000E+00   3.1905960631987461E-03   2.8298172460007409E-01   3.6066581058745682E-03   4.3448896001835107E-03   4.3718346491270921E-03   6.0756737591730302E-02   3.4694469519536142E-17   1.1843382486622064E-01  -4.9088795173704514E-01   2.7483116486493833E-02   8.0000000000000007E-05   7.9220819999999996E+00   4.5000000000000003E-05   4.1909999999999994E-03   7.9264370000000000E+00   1.4000000000000000E-05
 
       1        6   4.3411023622047242E+00     1250        0   0.0000000000000000E+00   4.5402203323946946E+00   9.9870461698268131E-01   0.0000000000000000E+00   3.2799763627547468E-03   2.8301742731637830E-01   3.6066581058745682E-03   4.3474623662884022E-03   4.3843270797017031E-03   6.0756737591730302E-02   3.4694469519536142E-17   1.1843364434519577E-01  -4.9088795173704514E-01   2.7483116486493833E-02   7.3999999999999996E-05   9.5645609999999994E+00   4.1999999999999998E-05   4.3630000000000006E-03   9.5690760000000008E+00   1.1000000000000000E-05
 
       1        7   5.2093228346456693E+00     1250        0   0.0000000000000000E+00   4.5468853922660006E+00   9.9874017244911795E-01   0.0000000000000000E+00   3.3320751710556470E-03   2.8305396053557447E-01   3.6066581058745682E-03   4.3480920717011741E-03   4.3926463570646782E-03   6.0756737591730302E-02   3.4694469519536142E-17   1.1843340887293016E-01  -4.9088795173704514E-01   2.7483116486493833E-02   6.7000000000000002E-05   9.2892879999999991E+00   4.0000000000000003E-05   1.0227000000000000E-02   9.2996619999999997E+00   1.2999999999999999E-05
 
       1        8   6.0775433070866134E+00     1250        0   0.0000000000000000E+00   4.5595368830864551E+00   9.9875935267553917E-01   0.0000000000000000E+00   3.3444705421259626E-03   2.8308952702662638E-01   3.6066581058745682E-03   4.3456797214968083E-03   4.3968627697450417E-03   6.0756737591730302E-02   3.4694469519536142E-17   1.1843311069863856E-01  -4.9088795173704514E-01   2.7483116486493833E-02   6.6000000000000005E-05   9.7482279999999992E+00   4.2999999999999995E-05   4.5669999999999999E-03   9.7529459999999997E+00   1.1000000000000000E-05
 
       1        9   6.9457637795275584E+00     1250        0   0.0000000000000000E+00   4.5695888978224817E+00   9.9876231085833678E-01   0.0000000000000000E+00   3.3184171280613950E-03   2.8312165427006458E-01   3.6066581058745682E-03   4.3470313929642570E-03   4.4108116394058119E-03   6.0756737591730302E-02   3.4694469519536142E-17   1.1843274147866562E-01  -4.9088795173704514E-01   2.7483116486493833E-02   6.7000000000000002E-05   9.3382969999999990E+00   3.8999999999999999E-05   4.3309999999999989E-03   9.3427729999999993E+00   1.2999999999999999E-05
 
       1       10   7.8139842519685034E+00     1250        0   0.0000000000000000E+00   4.5656252077357529E+00   9.9875118540533581E-01   0.0000000000000000E+00   3.2586932989805274E-03   2.8314685847875370E-01   3.6066581058745682E-03   4.3480112631949187E-03   4.4228774031142247E-03   6.0756737591730302E-02   3.4694469519536142E-17   1.1843229099360414E-01  -4.9088795173704514E-01   2.7483116486493833E-02   6.7000000000000002E-05   8.8358620000000005E+00   4.1999999999999998E-05   4.3790000000000001E-03   8.8403890000000001E+00   1.2999999999999999E-05
 
       1       11   8.6822047244094485E+00     1250        0   0.0000000000000000E+00   4.5507981374405890E+00   9.9872882814692365E-01   0.0000000000000000E+00   3.1736827207308675E-03   2.8316300889896967E-01   3.6066581058745682E-03   4.3463579661247803E-03   4.4308342362890923E-03   6.0756737591730302E-02   3.4694469519536142E-17   1.1843175074312855E-01  -4.9088795173704514E-01   2.7483116486493833E-02   6.4999999999999994E-05   9.5822369999999992E+00   3.4000000000000000E-05   3.9459999999999999E-03   9.5863219999999991E+00   1.4000000000000000E-05
 
       1       12   9.5504251968503944E+00     1250        0   0.0000000000000000E+00   4.5406765217675664E+00   9.9870003626511006E-01   0.0000000000000000E+00   3.0739538598685001E-03   2.8316978829789358E-01   3.6066581058745682E-03   4.3464888369709534E-03   4.4457995507567087E-03   6.0756737591730302E-02   3.4694469519536142E-17   1.1843111243184395E-01  -4.9088795173704514E-01   2.7483116486493833E-02   6.7000000000000002E-05   8.1531850000000006E+00   3.4000000000000000E-05   3.9110000000000004E-03   8.1572359999999993E+00   1.2000000000000000E-05
 
       1       13   1.0418645669291339E+01     1250        0   0.0000000000000000E+00   4.5393647132794648E+00   9.9867135090706416E-01   0.0000000000000000E+00   2.9703393423579881E-03   2.8316777779664998E-01   3.6066581058745682E-03   4.3479795119868081E-03   4.4615283577843241E-03   6.0756737591730302E-02   3.4694469519536142E-17   1.1843036563046913E-01  -4.9088795173704514E-01   2.7483116486493833E-02   7.2000000000000002E-05   9.1420230000000018E+00   4.7999999999999994E-05   1.2030999999999998E-02   9.1542169999999992E+00   2.0000000000000002E-05
 
       1       14   1.1286866141732284E+01     1250        0   0.0000000000000000E+00   4.5423532581644315E+00   9.9864853840783729E-01   0.0000000000000000E+00   2.8725378816499641E-03   2.8315765647040364E-01   3.6066581058745682E-03   4.3469244645144992E-03   4.4730469363903546E-03   6.0756737591730302E-02   3.4694469519536142E-17   1.1842950169737101E-01  -4.9088795173704514E-01   2.7483116486493833E-02   9.2999999999999997E-05   8.5046780000000002E+00   4.8999999999999998E-05   6.6319999999999999E-03   8.5114950000000000E+00   1.2000000000000000E-05
 
       1       15   1.2155086614173227E+01     1250        0   0.0000000000000000E+00   4.5442661229278078E+00   9.9863491793377901E-01   0.0000000000000000E+00   2.7906138987001507E-03   2.8314039054494244E-01   3.6066581058745682E-03   4.3458345632080980E-03   4.4887852062698201E-03   6.0756737591730302E-02   3.4694469519536142E-17   1.1842851329415216E-01  -4.9088795173704514E-01   2.7483116486493833E-02   6.6000000000000005E-05   9.3775370000000002E+00   4.1000000000000000E-05   9.0310000000000008E-03   9.3867159999999998E+00   1.2000000000000000E-05
 
       1       16   1.3023307086614173E+01     1250        0   0.0000000000000000E+00   4.5442418113109779E+00   9.9863190981399852E-01   0.0000000000000000E+00   2.7333705433568688E-03   2.8311806517177313E-01   3.6066581058745682E-03   4.3480840810559375E-03   4.5078146141672108E-03   6.0756737591730302E-02   3.4694469519536142E-17   1.1842739069343788E-01  -4.9088795173704514E-01   2.7483116486493833E-02   6.6000000000000005E-05   7.6889870000000000E+00   3.5999999999999994E-05   3.9189999999999997E-03   7.6930470000000000E+00   1.4000000000000000E-05
 
       1       17   1.3891527559055117E+01     1250        0   0.0000000000000000E+00   4.5387206858231499E+00   9.9863952743725637E-01   0.0000000000000000E+00   2.7050087307612138E-03   2.8309273068865853E-01   3.6066581058745682E-03   4.3473793509456876E-03   4.5224348650874215E-03   6.0756737591730302E-02   3.4694469519536142E-17   1.1842612579101938E-01  -4.9088795173704514E-01   2.7483116486493833E-02   6.7000000000000002E-05   9.2087159999999990E+00   6.8999999999999997E-05   3.8050000000000002E-03   9.2126950000000001E+00   1.2999999999999999E-05
 
       1       18   1.4759748031496061E+01     1250        0   0.0000000000000000E+00   4.5333901941318775E+00   9.9865565482425867E-01   0.0000000000000000E+00   2.7052146622135258E-03   2.8306590832399625E-01   3.6066581058745682E-03   4.3450684404061470E-03   4.5384519797424345E-03   6.0756737591730302E-02   3.4694469519536142E-17   1.1842471309246587E-01  -4.9088795173704514E-01   2.7483116486493833E-02   6.6000000000000005E-05   8.3367839999999998E+00   3.8000000000000002E-05   4.5679999999999991E-03   8.3414979999999996E+00   1.2999999999999999E-05
 
       1       19   1.5627968503937007E+01     1250        0   0.0000000000000000E+00   4.5364268584227725E+00   9.9867601898748504E-01   0.0000000000000000E+00   2.7307045904110855E-03   2.8303935220538273E-01   3.6066581058745682E-03   4.3480777717178646E-03   4.5601385178461271E-03   6.0756737591730302E-02   3.4694469519536142E-17   1.1842314453863959E-01  -4.9088795173704514E-01   2.7483116486493833E-02   7.1000000000000005E-05   9.1126290000000001E+00   4.1999999999999998E-05   1.0635000000000002E-02   9.1234210000000004E+00   1.5000000000000000E-05
 
       1       20   1.6496188976377955E+01     1250        0   0.0000000000000000E+00   4.5468443222160300E+00   9.9869593267838019E-01   0.0000000000000000E+00   2.7773689689254751E-03   2.8301528378012797E-01   3.6066581058745682E-03   4.3477227635222377E-03   4.5771221641557319E-03   6.0756737591730302E-02   3.4694469519536142E-17   1.1842141329664936E-01  -4.9088795173704514E-01   2.7483116486493833E-02   8.6000000000000003E-05   8.5134830000000008E+00   3.8999999999999993E-05   1.6907999999999999E-02   8.5305750000000007E+00   1.1000000000000000E-05
 
       1       21   1.7364409448818897E+01     1250        0   0.0000000000000000E+00   4.5591279374448259E+00   9.9871192767236172E-01   0.0000000000000000E+00   2.8396456596269477E-03   2.8299617682199335E-01   3.6066581058745682E-03   4.3441903411347597E-03   4.5926806464569002E-03   6.0756737591730302E-02   3.4694469519536142E-17   1.1841951650745050E-01  -4.9088795173704514E-01   2.7483116486493833E-02   6.6000000000000005E-05   8.1131519999999995E+00   3.6999999999999991E-05   3.8639999999999998E-03   8.1171620000000004E+00   1.4000000000000000E-05
 
       1       22   1.8232629921259843E+01     1250        0   0.0000000000000000E+00   4.5644582976180406E+00   9.9872173037856216E-01   0.0000000000000000E+00   2.9104606266613015E-03   2.8298337184972910E-01   3.6066581058745682E-03   4.3479604305389557E-03   4.6161129544438125E-03   6.0756737591730302E-02   3.4694469519536142E-17   1.1841744875606569E-01  -4.9088795173704514E-01   2.7483116486493833E-02   6.9999999999999994E-05   8.8842960000000009E+00   3.5000000000000004E-05   9.3130000000000018E-03   8.8937559999999998E+00   1.1000000000000000E-05
 
       1       23   1.9100850393700789E+01     1250        0   0.0000000000000000E+00   4.5611940386944427E+00   9.9872384773310174E-01   0.0000000000000000E+00   2.9839229734241069E-03   2.8297708595509857E-01   3.6066581058745682E-03   4.3479548441635674E-03   4.6344619087689796E-03   6.0756737591730302E-02   3.4694469519536142E-17   1.1841520525354582E-01  -4.9088795173704514E-01   2.7483116486493833E-02   6.6000000000000005E-05   6.1814763999999997E+01   1.0900000000000001E-04   1.6613999999999997E-02   6.1831597000000002E+01   1.4000000000000000E-05
 
       1       24   1.9969070866141735E+01     1250        0   0.0000000000000000E+00   4.5520858766489560E+00   9.9871816221317100E-01   0.0000000000000000E+00   3.0549773255935430E-03   2.8297733141723969E-01   3.6066581058745682E-03   4.3441604106551623E-03   4.6486016426010510E-03   6.0756737591730302E-02   3.4694469519536142E-17   1.1841278639670036E-01  -4.9088795173704514E-01   2.7483116486493833E-02   6.8999999999999997E-05   5.4955098000000007E+01   4.3000000000000002E-05   5.3700999999999999E-02   5.5008952999999998E+01   1.2000000000000000E-05
 
       1       25   2.0837291338582677E+01     1250        0   0.0000000000000000E+00   4.5391442803134803E+00   9.9870655595052038E-01   0.0000000000000000E+00   3.1183330970321376E-03   2.8298373914394748E-01   3.6066581058745682E-03   4.3477319078739727E-03   4.6726286512266055E-03   6.0756737591730302E-02   3.4694469519536142E-17   1.1841019035729823E-01  -4.9088795173704514E-01   2.7483116486493833E-02   6.9999999999999994E-05   8.7626399999999993E+00   4.1000000000000000E-05   2.1936000000000001E-02   8.7847279999999994E+00   1.4000000000000000E-05
 
       1       26   2.1705511811023623E+01     1250        0   0.0000000000000000E+00   4.5252080052077961E+00   9.9869218207012078E-01   0.0000000000000000E+00   3.1685327037328870E-03   2.8299574356075557E-01   3.6066581058745682E-03   4.3480757385958293E-03   4.6911182533642170E-03   6.0756737591730302E-02   3.4694469519536142E-17   1.1840741517360770E-01  -4.9088795173704514E-01   2.7483116486493833E-02   6.7999999999999999E-05   7.5105826000000008E+01   1.1589999999999999E-03   2.6946999999999999E-02   7.5134249999999994E+01   1.4000000000000000E-05
 
       1       27   2.2573732283464569E+01     1250        0   0.0000000000000000E+00   4.5157609368698077E+00   9.9867810993520789E-01   0.0000000000000000E+00   3.2019979078388408E-03   2.8301223473006326E-01   3.6066581058745682E-03   4.3450420929590844E-03   4.7039512380358459E-03   6.0756737591730302E-02   3.4694469519536142E-17   1.1840446489613210E-01  -4.9088795173704514E-01   2.7483116486493833E-02   6.9999999999999994E-05   4.5033377000000002E+01   3.9999999999999996E-05   2.8139000000000001E-02   4.5061670999999997E+01   1.4000000000000000E-05
 
       1       28   2.3441952755905511E+01     1250        0   0.0000000000000000E+00   4.5141857191016932E+00   9.9866683337029227E-01   0.0000000000000000E+00   3.2187207638676519E-03   2.8303155751230924E-01   3.6066581058745682E-03   4.3473920578751702E-03   4.7259635437537700E-03   6.0756737591730302E-02   3.4694469519536142E-17   1.1840134215192928E-01  -4.9088795173704514E-01   2.7483116486493833E-02   6.4999999999999994E-05   8.7869250000000001E+00   3.9999999999999996E-05   4.1949999999999999E-03   8.7912630000000007E+00   1.2000000000000000E-05
 
       1       29   2.4310173228346454E+01     1250        0   0.0000000000000000E+00   4.5178633648975488E+00   9.9866036557179294E-01   0.0000000000000000E+00   3.2188113199716571E-03   2.8305176749773853E-01   3.6066581058745682E-03   4.3480855963429609E-03   4.7431896310820894E-03   6.0756737591730302E-02   3.4694469519536142E-17   1.1839804851164905E-01  -4.9088795173704514E-01   2.7483116486493833E-02   6.7999999999999999E-05   5.6065388999999996E+01   3.7999999999999995E-05   1.2647000000000000E-02   5.6078178999999999E+01   1.4000000000000000E-05
 
       1       30   2.5178393700787399E+01     1250        0   0.0000000000000000E+00   4.5238541637393261E+00   9.9865984722711909E-01   0.0000000000000000E+00   3.2010200765211997E-03   2.8307041387712284E-01   3.6066581058745682E-03   4.3458117947818330E-03   4.7542335372442483E-03   6.0756737591730302E-02   3.4694469519536142E-17   1.1839459189731238E-01  -4.9088795173704514E-01   2.7483116486493833E-02   7.2000000000000002E-05   4.6394331999999999E+01   5.0000000000000009E-05   1.4741999999999998E-02   4.6409241000000002E+01   1.2999999999999999E-05
 
       1       31   2.6046614173228345E+01     1250        0   0.0000000000000000E+00   4.5297020781739743E+00   9.9866494933678696E-01   0.0000000000000000E+00   3.1649737439340027E-03   2.8308557643287596E-01   3.6066581058745682E-03   4.3469407385012581E-03   4.7719306850862184E-03   6.0756737591730302E-02   3.4694469519536142E-17   1.1839098009104296E-01  -4.9088795173704514E-01   2.7483116486493833E-02   7.4999999999999993E-05   2.1340101999999995E+01   4.0000000000000003E-05   1.6991999999999997E-02   2.1357250000000001E+01   1.1000000000000000E-05
 
       1       32   2.6914834645669288E+01     1250        0   0.0000000000000000E+00   4.5356099070069895E+00   9.9867401408656176E-01   0.0000000000000000E+00   3.1128157784704349E-03   2.8309609079772952E-01   3.6066581058745682E-03   4.3479845707175835E-03   4.7863688582343153E-03   6.0756737591730302E-02   3.4694469519536142E-17   1.1838721876814445E-01  -4.9088795173704514E-01   2.7483116486493833E-02   6.6000000000000005E-05   3.9718947000000000E+01   3.8000000000000002E-05   1.9287000000000002E-02   3.9738379000000002E+01   1.5000000000000000E-05
 
       1       33   2.7783055118110234E+01     1250        0   0.0000000000000000E+00   4.5452147657125375E+00   9.9868483019911758E-01   0.0000000000000000E+00   3.0489797246742488E-03   2.8310106272159985E-01   3.6066581058745682E-03   4.3464696434308316E-03   4.7940735534441519E-03   6.0756737591730302E-02   3.4694469519536142E-17   1.1838331977788233E-01  -4.9088795173704514E-01   2.7483116486493833E-02   8.0000000000000007E-05   6.4238157999999999E+01   1.7500000000000003E-04   2.3598000000000004E-02   6.4262056000000001E+01   1.2000000000000000E-05
 
       1       34   2.8651275590551180E+01     1250        0   0.0000000000000000E+00   4.5506363383864485E+00   9.9869516764022137E-01   0.0000000000000000E+00   2.9776450940390232E-03   2.8309971989869925E-01   3.6066581058745682E-03   4.3463778115261876E-03   4.8060594137886029E-03   6.0756737591730302E-02   3.4694469519536142E-17   1.1837929651277329E-01  -4.9088795173704514E-01   2.7483116486493833E-02   6.9999999999999994E-05   2.5722263000000002E+01   3.9700000000000000E-04   6.6479999999999994E-03   2.5729420999999999E+01   1.2000000000000000E-05
 
       1       35   2.9519496062992122E+01     1250        0   0.0000000000000000E+00   4.5478116270262836E+00   9.9870298879105812E-01   0.0000000000000000E+00   2.9036494822811273E-03   2.8309128656501115E-01   3.6066581058745682E-03   4.3480068505274581E-03   4.8161342895374423E-03   6.0756737591730302E-02   3.4694469519536142E-17   1.1837515916134991E-01  -4.9088795173704514E-01   2.7483116486493833E-02   7.2000000000000002E-05   2.1530798999999998E+01   5.1999999999999997E-05   1.4879000000000000E-02   2.1545843999999999E+01   1.2000000000000000E-05
 
       1       36   3.0387716535433068E+01     1250        0   0.0000000000000000E+00   4.5383982395756695E+00   9.9870689245957844E-01   0.0000000000000000E+00   2.8340792365214424E-03   2.8307605292570726E-01   3.6066581058745682E-03   4.3470157700529798E-03   4.8189244778829594E-03   6.0756737591730302E-02   3.4694469519536142E-17   1.1837092339257585E-01  -4.9088795173704514E-01   2.7483116486493833E-02   7.3999999999999996E-05   8.8160768000000004E+01   1.8599999999999999E-04   1.3813999999999998E-02   8.8174890000000005E+01   2.0999999999999999E-05
 
       1       37   3.1255937007874014E+01     1250        0   0.0000000000000000E+00   4.5202762004651138E+00   9.9870653526153708E-01   0.0000000000000000E+00   2.7760750638708442E-03   2.8305527106844131E-01   3.6066581058745682E-03   4.3457031425478097E-03   4.8238029185472082E-03   6.0756737591730302E-02   3.4694469519536142E-17   1.1836660836225316E-01  -4.9088795173704514E-01   2.7483116486493833E-02   9.1000000000000003E-05   1.8649325000000001E+01   5.9999999999999995E-05   1.3922000000000000E-02   1.8663447999999999E+01   1.4000000000000000E-05
 
       1       38   3.2124157480314963E+01     1250        0   0.0000000000000000E+00   4.5052515142749021E+00   9.9870248879939838E-01   0.0000000000000000E+00   2.7354314476956791E-03   2.8303040326252810E-01   3.6066581058745682E-03   4.3480912033923092E-03   4.8279646701403179E-03   6.0756737591730302E-02   3.4694469519536142E-17   1.1836222899244198E-01  -4.9088795173704514E-01   2.7483116486493833E-02   7.1000000000000005E-05   7.2606285000000000E+01   4.0000000000000003E-05   3.8709000000000000E-02   7.2645145999999997E+01   1.4000000000000000E-05
 
       1       39   3.2992377952755909E+01     1250        0   0.0000000000000000E+00   4.5136419877669107E+00   9.9869585682697604E-01   0.0000000000000000E+00   2.7166305980715539E-03   2.8300330663096140E-01   3.6066581058745682E-03   4.3474503096262935E-03   4.8243182512172512E-03   6.0756737591730302E-02   3.4694469519536142E-17   1.1835780450910166E-01  -4.9088795173704514E-01   2.7483116486493833E-02   7.2999999999999999E-05   4.4721885999999998E+01   4.3999999999999999E-05   7.9779999999999990E-03   4.4730023000000003E+01   1.2999999999999999E-05
 
       1       40   3.3860598425196855E+01     1250        0   0.0000000000000000E+00   4.5162900155094601E+00   9.9868818441481133E-01   0.0000000000000000E+00   2.7241385591765554E-03   2.8297582827919032E-01   3.6066581058745682E-03   4.3449166009963515E-03   4.8207640060881482E-03   6.0756737591730302E-02   3.4694469519536142E-17   1.1835335963100702E-01  -4.9088795173704514E-01   2.7483116486493833E-02   1.1400000000000001E-04   3.5020320999999996E+01   4.2999999999999995E-05   5.5320000000000005E-03   3.5026052999999997E+01   2.0999999999999999E-05
 
       1       41   3.4728818897637794E+01     1250        0   0.0000000000000000E+00   4.5155108706571383E+00   9.9868137894759323E-01   0.0000000000000000E+00   2.7605172120137122E-03   2.8294991259449676E-01   3.6066581058745682E-03   4.3480646495765805E-03   4.8175690984154241E-03   6.0756737591730302E-02   3.4694469519536142E-17   1.1834891402994550E-01  -4.9088795173704514E-01   2.7483116486493833E-02   7.7000000000000001E-05   6.5390231999999997E+01   1.2999999999999999E-04   1.4241000000000000E-02   6.5405061000000003E+01   1.5000000000000000E-05
 
       1       42   3.5597039370078740E+01     1250        0   0.0000000000000000E+00   4.5147598920083407E+00   9.9867708344032147E-01   0.0000000000000000E+00   2.8223678157783386E-03   2.8292750775720182E-01   3.6066581058745682E-03   4.3477734009513816E-03   4.8060985798880794E-03   6.0756737591730302E-02   3.4694469519536142E-17   1.1834449009004480E-01  -4.9088795173704514E-01   2.7483116486493833E-02   3.6809999999999998E-03   2.2518768000000001E+01   4.1000000000000000E-05   4.2176999999999999E-02   2.2564717000000002E+01   1.5000000000000000E-05
 
       1       43   3.6465259842519686E+01     1250        0   0.0000000000000000E+00   4.5157452401272771E+00   9.9867597188818513E-01   0.0000000000000000E+00   2.9025392964972009E-03   2.8291043377282415E-01   3.6066581058745682E-03   4.3440180601427691E-03   4.7929298509124651E-03   6.0756737591730302E-02   3.4694469519536142E-17   1.1834011749676195E-01  -4.9088795173704514E-01   2.7483116486493833E-02   6.7999999999999999E-05   7.2121912000000009E+01   1.2799999999999999E-04   2.8877000000000003E-02   7.2151031000000003E+01   1.5000000000000000E-05
 
       1       44   3.7333480314960632E+01     1250        0   0.0000000000000000E+00   4.5194188706311280E+00   9.9867781475485373E-01   0.0000000000000000E+00   2.9936416139077896E-03   2.8290048386662803E-01   3.6066581058745682E-03   4.3479270363370823E-03   4.7811226012470622E-03   6.0756737591730302E-02   3.4694469519536142E-17   1.1833582047765978E-01  -4.9088795173704514E-01   2.7483116486493833E-02   7.1000000000000005E-05   4.6400655000000000E+01   4.5000000000000003E-05   1.4254000000000001E-02   4.6415061999999999E+01   1.2999999999999999E-05
 
       1       45   3.8201700787401577E+01     1250        0   0.0000000000000000E+00   4.5250757116658260E+00   9.9868199272684410E-01   0.0000000000000000E+00   3.0880224787285864E-03   2.8289831092457562E-01   3.6066581058745682E-03   4.3479851866427980E-03   4.7606561293171831E-03   6.0907969578381682E-02   3.4694469519536142E-17   1.1833162407067285E-01  -4.9088795173704514E-01   2.7483116486493833E-02   8.7999999999999998E-05   3.9752324999999999E+01   4.6000000000000007E-05   5.5439999999999994E-03   3.9758040999999999E+01   1.4000000000000000E-05
 
       1       46   3.9069921259842523E+01     1250        0   0.0000000000000000E+00   4.5275946282702852E+00   9.9868759673501506E-01   0.0000000000000000E+00   3.1757643632543092E-03   2.8290352803246693E-01   3.6066581058745682E-03   4.3443296147235213E-03   4.7369058250159163E-03   6.1208399434625645E-02   3.4694469519536142E-17   1.1832756190241528E-01  -4.9088795173704514E-01   2.7483116486493833E-02   7.2000000000000002E-05   7.4320531000000003E+01   4.4000000000000006E-05   3.0398999999999999E-02   7.4351088000000004E+01   1.2999999999999999E-05
 
       1       47   3.9938141732283469E+01     1250        0   0.0000000000000000E+00   4.5238525809767651E+00   9.9869325321027103E-01   0.0000000000000000E+00   3.2451471241868460E-03   2.8291536371375009E-01   3.6066581058745682E-03   4.3476782147206846E-03   4.7154972717963883E-03   6.1485388473776575E-02   3.4694469519536142E-17   1.1832366236346695E-01  -4.9088795173704514E-01   2.7483116486493833E-02   6.8999999999999997E-05   1.4528386800000001E+02   4.6999999999999997E-05   2.2595999999999998E-02   1.4530662300000000E+02   1.2999999999999999E-05
 
       1       48   4.0806362204724408E+01     1250        0   0.0000000000000000E+00   4.5186638668436201E+00   9.9869748555936178E-01   0.0000000000000000E+00   3.2879671609149404E-03   2.8293270254769670E-01   3.6066581058745682E-03   4.3480858131202081E-03   4.6851557423378950E-03   6.1728885377127313E-02   3.4694469519536142E-17   1.1831995254020206E-01  -4.9088795173704514E-01   2.7483116486493833E-02   7.1000000000000005E-05   1.0461118200000000E+02   5.5999999999999992E-05   1.6954000000000000E-02   1.0462830500000000E+02   1.5000000000000000E-05
 
       1       49   4.1674582677165354E+01     1250        0   0.0000000000000000E+00   4.5194486247521439E+00   9.9869945203579147E-01   0.0000000000000000E+00   3.3006376716551542E-03   2.8295413266941355E-01   3.6066581058745682E-03   4.3451908588356090E-03   4.6501382054783312E-03   6.1944289836645211E-02   3.4694469519536142E-17   1.1831646859002790E-01  -4.9088795173704514E-01   2.7483116486493833E-02   7.7999999999999999E-05   6.7306413999999990E+01   4.8000000000000001E-05   2.7424999999999998E-02   6.7334008999999995E+01   1.2999999999999999E-05
 
       1       50   4.2542803149606300E+01     1250        0   0.0000000000000000E+00   4.5239852180551114E+00   9.9869913427978851E-01   0.0000000000000000E+00   3.2816265884347499E-03   2.8297720721428637E-01   3.6066581058745682E-03   4.3473180395734012E-03   4.6184787560087743E-03   6.2119534569136221E-02   3.4694469519536142E-17   1.1831324247464382E-01  -4.9088795173704514E-01   2.7483116486493833E-02   7.2000000000000002E-05   9.3869616000000008E+01   5.3000000000000001E-05   2.2887999999999999E-02   9.3892674000000000E+01   1.4000000000000000E-05
 
       1       51   4.3411023622047246E+01     1250        0   0.0000000000000000E+00   4.5231743732762641E+00   9.9869695644801204E-01   0.0000000000000000E+00   3.2316864390725501E-03   2.8299910787946247E-01   3.6066581058745682E-03   4.3480754305994067E-03   4.5777455057278366E-03   6.2260954486963144E-02   3.4694469519536142E-17   1.1831030254999973E-01  -4.9088795173704514E-01   2.7483116486493833E-02   7.2000000000000002E-05   9.9390146000000001E+01   6.4999999999999994E-05   1.0856000000000001E-02   9.9401204000000007E+01   2.0000000000000002E-05
 
       1       52   4.4279244094488192E+01     1250        0   0.0000000000000000E+00   4.5156173611598751E+00   9.9869356486540217E-01   0.0000000000000000E+00   3.1554080986854974E-03   2.8301759320088926E-01   3.6066581058745682E-03   4.3459401454048257E-03   4.5311156559234610E-03   6.2356580025032290E-02   3.4694469519536142E-17   1.1830768589158737E-01  -4.9088795173704514E-01   2.7483116486493833E-02   1.0600000000000000E-04   1.8895053999999998E+01   5.1999999999999997E-05   5.0009999999999994E-03   1.8900251999999998E+01   1.2999999999999999E-05
 
       1       53   4.5147464566929138E+01     1250        0   0.0000000000000000E+00   4.5108916267685455E+00   9.9868991173668442E-01   0.0000000000000000E+00   3.0619358487404074E-03   2.8303073105162646E-01   3.6066581058745682E-03   4.3468463695493145E-03   4.4889581117546510E-03   6.2411662146084547E-02   3.4694469519536142E-17   1.1830542716595442E-01  -4.9088795173704514E-01   2.7483116486493833E-02   7.2000000000000002E-05   1.6042359000000001E+01   6.2000000000000003E-05   1.2711999999999999E-02   1.6055254000000001E+01   1.2000000000000000E-05
 
       1       54   4.6015685039370084E+01     1250        0   0.0000000000000000E+00   4.5135136491334347E+00   9.9868711047120351E-01   0.0000000000000000E+00   2.9614316148474872E-03   2.8303703763109861E-01   3.6066581058745682E-03   4.3479541930832059E-03   4.4377378646568580E-03   6.2416454151278007E-02   3.4694469519536142E-17   1.1830355506498229E-01  -4.9088795173704514E-01   2.7483116486493833E-02   7.7000000000000001E-05   1.7747595000000000E+01   4.8999999999999998E-05   1.3210000000000000E-02   1.7760975999999999E+01   1.4000000000000000E-05
 
       1       55   4.6883905511811022E+01     1250        0   0.0000000000000000E+00   4.5164783802724271E+00   9.9868593596882183E-01   0.0000000000000000E+00   2.8630026161579384E-03   2.8303533905515477E-01   3.6066581058745682E-03   4.3465776024396519E-03   4.3795398779730996E-03   6.2373115095509794E-02   3.4694469519536142E-17   1.1830210586172041E-01  -4.9088795173704514E-01   2.7483116486493833E-02   8.2999999999999998E-05   2.2323585000000001E+01   4.8000000000000001E-05   2.1898999999999998E-02   2.2345656999999999E+01   1.2999999999999999E-05
 
       1       56   4.7752125984251968E+01     1250        0   0.0000000000000000E+00   4.5147551238819936E+00   9.9868653502492688E-01   0.0000000000000000E+00   2.7768491020334729E-03   2.8302533017143000E-01   3.6066581058745682E-03   4.3462630671193382E-03   4.3270897018765700E-03   6.2276214607333520E-02   3.4694469519536142E-17   1.1830111577536148E-01  -4.9088795173704514E-01   2.7483116486493833E-02   7.4999999999999993E-05   2.1618770000000001E+01   5.5999999999999999E-05   1.2358999999999998E-02   2.1631315000000001E+01   1.2000000000000000E-05
 
       1       57   4.8620346456692907E+01     1250        0   0.0000000000000000E+00   4.5131562252423327E+00   9.9868854522952544E-01   0.0000000000000000E+00   2.7129397703059316E-03   2.8300783676849939E-01   3.6066581058745682E-03   4.3480305031164271E-03   4.2657537575147286E-03   6.2122879021410685E-02   3.4694469519536142E-17   1.1830061278442038E-01  -4.9088795173704514E-01   2.7483116486493833E-02   7.4999999999999993E-05   1.7689290000000000E+01   5.5000000000000002E-05   2.5550000000000003E-02   1.7715017000000000E+01   1.9000000000000001E-05
 
       1       58   4.9488566929133853E+01     1250        0   0.0000000000000000E+00   4.5164099592306721E+00   9.9869132544706263E-01   0.0000000000000000E+00   2.6779748667502368E-03   2.8298418635560102E-01   3.6066581058745682E-03   4.3471033617865354E-03   4.3004953582918776E-03   6.2231059596088524E-02   3.4694469519536142E-17   1.1830063060721852E-01  -4.9088795173704514E-01   2.7483116486493833E-02   9.6000000000000002E-05   1.9202173999999999E+01   4.8000000000000001E-05   1.2669000000000000E-02   1.9215039999999998E+01   1.2999999999999999E-05
 
       1       59   5.0356787401574799E+01     1250        0   0.0000000000000000E+00   4.5212998494348140E+00   9.9869416058061677E-01   0.0000000000000000E+00   2.6742587803763461E-03   2.8295658094687659E-01   3.6066581058745682E-03   4.3455679985798454E-03   4.3536878863208953E-03   6.2337429447151378E-02   3.4694469519536142E-17   1.1830120558586088E-01  -4.9088795173704514E-01   2.7483116486493833E-02   7.7999999999999999E-05   1.8056551000000002E+01   5.6000000000000006E-05   7.7990000000000004E-03   1.8064543000000000E+01   2.0000000000000002E-05
 
       1       60   5.1225007874015745E+01     1250        0   0.0000000000000000E+00   4.5238595731356392E+00   9.9869641955924937E-01   0.0000000000000000E+00   2.7018129264776013E-03   2.8292772007614136E-01   3.6066581058745682E-03   4.3480946345676053E-03   4.4153195089297794E-03   6.2403034138006720E-02   3.4694469519536142E-17   1.1830236386629576E-01  -4.9088795173704514E-01   2.7483116486493833E-02   1.0000000000000000E-04   1.4573347000000000E+01   4.9999999999999996E-05   1.4328999999999998E-02   1.4587880999999999E+01   1.9000000000000001E-05
 
       1       61   5.2093228346456691E+01     1250        0   0.0000000000000000E+00   4.5251040099475031E+00   9.9869767895871120E-01   0.0000000000000000E+00   2.7597647440569975E-03   2.8290046331336660E-01   3.6066581058745682E-03   4.3475175591214995E-03   4.4813613583858753E-03   6.2419666138222085E-02   3.4694469519536142E-17   1.1830413491319962E-01  -4.9088795173704514E-01   2.7483116486493833E-02   8.6000000000000003E-05   1.8934905999999998E+01   4.6999999999999997E-05   1.2332999999999998E-02   1.8947412000000000E+01   1.2999999999999999E-05
 
       1       62   5.2961448818897630E+01     1250        0   0.0000000000000000E+00   4.5265838163368874E+00   9.9869779852774121E-01   0.0000000000000000E+00   2.8427816014212283E-03   2.8287784446283876E-01   3.6066581058745682E-03   4.3447610340611202E-03   4.5457179087951662E-03   6.2388242033727163E-02   3.4694469519536142E-17   1.1830655349920517E-01  -4.9088795173704514E-01   2.7483116486493833E-02   7.1000000000000005E-05   2.6378147999999996E+01   4.4000000000000006E-05   1.7231000000000000E-02   2.6395540000000000E+01   2.0000000000000002E-05
 
       1       63   5.3829669291338575E+01     1250        0   0.0000000000000000E+00   4.5256559107732617E+00   9.9869697165264992E-01   0.0000000000000000E+00   2.9412404861784277E-03   2.8286248092758071E-01   3.6066581058745682E-03   4.3480478311906613E-03   4.6146725778960429E-03   6.2304676964061681E-02   3.4694469519536142E-17   1.1830964280103347E-01  -4.9088795173704514E-01   2.7483116486493833E-02   9.2999999999999997E-05   1.9815556000000001E+01   5.1999999999999997E-05   1.3612000000000001E-02   1.9829370999999998E+01   1.5000000000000000E-05
 
       1       64   5.4697889763779521E+01     1250        0   0.0000000000000000E+00   4.5213889375164014E+00   9.9869573922253796E-01   0.0000000000000000E+00   3.0452146835103539E-03   2.8285659763308685E-01   3.6066581058745682E-03   4.3478203339415902E-03   4.6911586604484311E-03   6.2164365063619491E-02   3.4694469519536142E-17   1.1831342647566145E-01  -4.9088795173704514E-01   2.7483116486493833E-02   7.7000000000000001E-05   1.6553090999999998E+01   5.1000000000000000E-05   1.4920000000000001E-02   1.6568186000000001E+01   1.8000000000000000E-05
 
       1       65   5.5566110236220467E+01     1250        0   0.0000000000000000E+00   4.5168405089119448E+00   9.9869474214300002E-01   0.0000000000000000E+00   3.1456725567121451E-03   2.8286135994143519E-01   3.6066581058745682E-03   4.3438420475356686E-03   4.7655012700015716E-03   6.1970683263133798E-02   3.4694469519536142E-17   1.1831793579187024E-01  -4.9088795173704514E-01   2.7483116486493833E-02   7.7999999999999999E-05   1.5135206999999999E+01   4.5000000000000003E-05   1.9968000000000000E-02   1.5155345000000001E+01   1.2999999999999999E-05
 
       1       66   5.6434330708661413E+01     1250        0   0.0000000000000000E+00   4.5124975561714775E+00   9.9869434323920847E-01   0.0000000000000000E+00   3.2331814781285202E-03   2.8287674874070812E-01   3.6066581058745682E-03   4.3478899409331497E-03   4.8405876893648347E-03   6.1714319838461575E-02   3.4694469519536142E-17   1.1832318986048000E-01  -4.9088795173704514E-01   2.7483116486493833E-02   6.9999999999999994E-05   1.7101257000000000E+01   3.8999999999999999E-05   6.3260000000000009E-03   1.7107731999999999E+01   1.9000000000000001E-05
 
       1       67   5.7302551181102359E+01     1250        0   0.0000000000000000E+00   4.5063042239253219E+00   9.9869454820450887E-01   0.0000000000000000E+00   3.2971169656367191E-03   2.8290213506864548E-01   3.6066581058745682E-03   4.3480118295561995E-03   4.9260097579204827E-03   6.1397381309229178E-02   3.4694469519536142E-17   1.1832920521443603E-01  -4.9088795173704514E-01   2.7483116486493833E-02   7.3999999999999996E-05   1.6663781999999998E+01   5.5999999999999999E-05   1.4419000000000001E-02   1.6678373000000001E+01   1.8000000000000000E-05
 
       1       68   5.8170771653543305E+01     1250        0   0.0000000000000000E+00   4.5131175919153312E+00   9.9869522692110446E-01   0.0000000000000000E+00   3.3299042755388182E-03   2.8293578808056452E-01   3.6066581058745682E-03   4.3444950885239159E-03   5.0086577873855367E-03   6.1018098713417734E-02   3.4694469519536142E-17   1.1833600747291984E-01  -4.9088795173704514E-01   2.7483116486493833E-02   8.7999999999999998E-05   1.8756741999999999E+01   4.9999999999999996E-05   1.4502000000000001E-02   1.8771426000000002E+01   1.2999999999999999E-05
 
       1       69   5.9038992125984244E+01     1250        0   0.0000000000000000E+00   4.5303140925396654E+00   9.9869626234582443E-01   0.0000000000000000E+00   3.3293430702238487E-03   2.8297508939481464E-01   3.6066581058745682E-03   4.3476208155343596E-03   5.0882422251327082E-03   6.0756738014096805E-02   3.4694469519536142E-17   1.1834361069811627E-01  -4.9088795173704514E-01   2.7483116486493833E-02   6.9999999999999994E-05   1.5081072000000001E+01   4.6000000000000000E-05   1.2203000000000000E-02   1.5093441000000000E+01   1.2000000000000000E-05
 
       1       70   5.9907212598425190E+01     1250        0   0.0000000000000000E+00   4.5434742732865505E+00   9.9869745972596535E-01   0.0000000000000000E+00   3.2954628742570286E-03   2.8301675325339021E-01   3.6066581058745682E-03   4.3480921930781997E-03   5.1806012801475319E-03   6.0756737331295420E-02   3.4694469519536142E-17   1.1835202322979031E-01  -4.9088795173704514E-01   2.7483116486493833E-02   9.0000000000000006E-05   1.6711120999999999E+01   4.2999999999999995E-05   8.7240000000000009E-03   1.6720019000000001E+01   1.9000000000000001E-05
 
       1       71   6.0775433070866136E+01     1250        0   0.0000000000000000E+00   4.5477493498540538E+00   9.9869850285043216E-01   0.0000000000000000E+00   3.2300317904875504E-03   2.8305729058337942E-01   3.6066581058745682E-03   4.3453358985765115E-03   5.2693931976798445E-03   6.0756737397435291E-02   3.4694469519536142E-17   1.1836126285877693E-01  -4.9088795173704514E-01   2.7483116486493833E-02   7.7000000000000001E-05   2.0552956999999999E+01   4.8999999999999998E-05   6.3790000000000001E-03   2.0559510000000000E+01   1.5000000000000000E-05
 
       1       72   6.1643653543307082E+01     1250        0   0.0000000000000000E+00   4.5410353693089851E+00   9.9869914340509025E-01   0.0000000000000000E+00   3.1385670442923715E-03   2.8309367096277560E-01   3.6066581058745682E-03   4.3472403105343548E-03   5.3542616852881378E-03   6.0756738001245821E-02   3.4694469519536142E-17   1.1837133773041758E-01  -4.9088795173704514E-01   2.7483116486493833E-02   7.3999999999999996E-05   2.7439402999999999E+01   4.8000000000000001E-05   1.1977000000000000E-02   2.7451542000000000E+01   1.5000000000000000E-05
 
       1       73   6.2511874015748027E+01     1250        0   0.0000000000000000E+00   4.5295156425304715E+00   9.9869940681020508E-01   0.0000000000000000E+00   3.0316038421665981E-03   2.8312293312410231E-01   3.6066581058745682E-03   4.3480615754149521E-03   5.4482662732357589E-03   6.0756737450773132E-02   3.4694469519536142E-17   1.1838224710224868E-01  -4.9088795173704514E-01   2.7483116486493833E-02   7.4999999999999993E-05   9.7831550000000007E+00   4.6000000000000000E-05   5.3940000000000004E-03   9.7887059999999995E+00   1.4000000000000000E-05
 
       1       74   6.3380094488188973E+01     1250        0   0.0000000000000000E+00   4.5174764367804183E+00   9.9869954674965422E-01   0.0000000000000000E+00   2.9215362529703783E-03   2.8314277689283701E-01   3.6066581058745682E-03   4.3460647741525452E-03   5.5406018867364369E-03   6.0756737306611908E-02   3.4694469519536142E-17   1.1839399901604473E-01  -4.9088795173704514E-01   2.7483116486493833E-02   7.2000000000000002E-05   9.0243140000000004E+00   3.8000000000000002E-05   1.2002000000000001E-02   9.0364690000000003E+00   1.2999999999999999E-05
 
       1       75   6.4248314960629926E+01     1250        0   0.0000000000000000E+00   4.5093110737836133E+00   9.9869976562443064E-01   0.0000000000000000E+00   2.8186621782307318E-03   2.8315197448727891E-01   3.6066581058745682E-03   4.3467482852828825E-03   5.6280288655924477E-03   6.0756737956628365E-02   3.4694469519536142E-17   1.1840659486646070E-01  -4.9088795173704514E-01   2.7483116486493833E-02   7.7000000000000001E-05   7.2908150000000003E+00   4.2000000000000004E-05   1.2083000000000000E-02   7.3030559999999998E+00   1.4000000000000000E-05
 
       1       76   6.5116535433070865E+01     1250        0   0.0000000000000000E+00   4.5110411666414514E+00   9.9870009258124282E-01   0.0000000000000000E+00   2.7329820692491105E-03   2.8315045789240628E-01   3.6066581058745682E-03   4.3479201312591398E-03   5.7211251812456006E-03   6.0756737583621982E-02   3.4694469519536142E-17   1.1842002417700941E-01  -4.9088795173704514E-01   2.7483116486493833E-02   7.2000000000000002E-05   8.3459540000000008E+00   4.4999999999999996E-05   9.2069999999999999E-03   8.3553189999999997E+00   1.2000000000000000E-05
 
       1       77   6.5984755905511818E+01     1250        0   0.0000000000000000E+00   4.5118826471319444E+00   9.9870058045505972E-01   0.0000000000000000E+00   2.6745629872895996E-03   2.8313970841070596E-01   3.6066581058745682E-03   4.3466818439612826E-03   5.8140277476222534E-03   6.0756737234006507E-02   3.4694469519536142E-17   1.1843428369736300E-01  -4.9088795173704514E-01   2.7483116486493833E-02   6.8999999999999997E-05   8.8376070000000002E+00   3.8999999999999999E-05   4.5290000000000000E-03   8.8422850000000004E+00   1.5000000000000000E-05
 
       1       78   6.6852976377952757E+01     1250        0   0.0000000000000000E+00   4.5299610875138203E+00   9.9870135318070352E-01   0.0000000000000000E+00   2.6506181965109984E-03   2.8312196878023421E-01   3.6066581058745682E-03   4.3461446029481087E-03   5.9009242192112907E-03   6.0756737886634590E-02   3.4694469519536142E-17   1.1844936728223526E-01  -4.9088795173704514E-01   2.7483116486493833E-02   6.7999999999999999E-05   7.1862210000000006E+00   4.5000000000000003E-05   1.2541000000000000E-02   7.1989159999999996E+00   1.2999999999999999E-05
 
       1       79   6.7721196850393710E+01     1250        0   0.0000000000000000E+00   4.5498300015144864E+00   9.9870229905919028E-01   0.0000000000000000E+00   2.6633978626070627E-03   2.8310017900396911E-01   3.6066581058745682E-03   4.3480504687939845E-03   5.9902831375230302E-03   6.0756737717226658E-02   3.4694469519536142E-17   1.1846525435828716E-01  -4.9088795173704514E-01   2.7483116486493833E-02   6.9999999999999994E-05   8.6099490000000003E+00   4.3999999999999999E-05   9.6219999999999969E-03   8.6197250000000007E+00   1.4000000000000000E-05
 
       1       80   6.8589417322834649E+01     1250        0   0.0000000000000000E+00   4.5529280119690707E+00   9.9870303837680741E-01   0.0000000000000000E+00   2.7106758805800595E-03   2.8307802812858729E-01   3.6066581058745682E-03   4.3471872405484403E-03   6.0804799986694785E-03   6.0756737186011482E-02   3.4694469519536142E-17   1.1848192930594095E-01  -4.9088795173704514E-01   2.7483116486493833E-02   7.3999999999999996E-05   8.5612089999999998E+00   4.0000000000000003E-05   1.5793000000000001E-02   8.5771580000000007E+00   1.2999999999999999E-05
 
       1       81   6.9457637795275588E+01     1250        0   0.0000000000000000E+00   4.5313408216474951E+00   9.9870345513785774E-01   0.0000000000000000E+00   2.7884323494989948E-03   2.8305955367053021E-01   3.6066581058745682E-03   4.3454291305252083E-03   6.1634929165468155E-03   6.0756737797656918E-02   3.4694469519536142E-17   1.1849937771176572E-01  -4.9088795173704514E-01   2.7483116486493833E-02   8.5000000000000006E-05   9.0556410000000014E+00   4.1000000000000000E-05   4.3730000000000010E-03   9.0601900000000004E+00   1.2999999999999999E-05
 
       1       82   7.0325858267716541E+01     1250        0   0.0000000000000000E+00   4.5011745111123931E+00   9.9870390513199825E-01   0.0000000000000000E+00   2.8896102197320766E-03   2.8304887360459885E-01   3.6066581058745682E-03   4.3480943736450275E-03   6.2460789474391189E-03   6.0756737838971744E-02   3.4694469519536142E-17   1.1851756887563790E-01  -4.9088795173704514E-01   2.7483116486493833E-02   6.9999999999999994E-05   7.9847929999999998E+00   3.7999999999999995E-05   5.3030000000000004E-03   7.9902449999999998E+00   1.2999999999999999E-05
 
       1       83   7.1194078740157480E+01     1250        0   0.0000000000000000E+00   4.4863850833860255E+00   9.9870464866357345E-01   0.0000000000000000E+00   3.0031122665858168E-03   2.8304894341509146E-01   3.6066581058745682E-03   4.3475811002877604E-03   6.3300985915436762E-03   6.0756737169017423E-02   3.4694469519536142E-17   1.1853647427334697E-01  -4.9088795173704514E-01   2.7483116486493833E-02   6.8999999999999997E-05   9.2967810000000011E+00   4.0999999999999994E-05   4.1279999999999997E-03   9.3010579999999994E+00   1.4000000000000000E-05
 
       1       84   7.2062299212598433E+01     1250        0   0.0000000000000000E+00   4.4926363394185369E+00   9.9870546501585089E-01   0.0000000000000000E+00   3.1167631516378770E-03   2.8306147422084943E-01   3.6066581058745682E-03   4.3446017388447909E-03   6.4057129897048086E-03   6.0756737696089115E-02   3.4694469519536142E-17   1.1855607056925391E-01  -4.9088795173704514E-01   2.7483116486493833E-02   6.9999999999999994E-05   9.6762890000000006E+00   4.3999999999999999E-05   5.2179999999999995E-03   9.6816589999999998E+00   1.2999999999999999E-05
 
       1       85   7.2930519685039371E+01     1250        0   0.0000000000000000E+00   4.4834666758171062E+00   9.9870598893260243E-01   0.0000000000000000E+00   3.2191488816439942E-03   2.8308729846395658E-01   3.6066581058745682E-03   4.3480273156462947E-03   6.4783790198359656E-03   6.0756737936242547E-02   3.4694469519536142E-17   1.1857631727444315E-01  -4.9088795173704514E-01   2.7483116486493833E-02   6.9999999999999994E-05   8.7313489999999998E+00   4.6000000000000000E-05   4.3000000000000000E-03   8.7358049999999992E+00   1.2999999999999999E-05
 
       1       86   7.3798740157480324E+01     1250        0   0.0000000000000000E+00   4.4818569897901437E+00   9.9870622550286592E-01   0.0000000000000000E+00   3.3003228401093342E-03   2.8312609505766895E-01   3.6066581058745682E-03   4.3478635633724429E-03   6.5526617705195540E-03   6.0756737189412414E-02   3.4694469519536142E-17   1.1859717302611318E-01  -4.9088795173704514E-01   2.7483116486493833E-02   6.8999999999999997E-05   7.6669760000000000E+00   4.0999999999999994E-05   4.1130000000000003E-03   7.6712360000000004E+00   1.2999999999999999E-05
 
       1       87   7.4666960629921263E+01     1250        0   0.0000000000000000E+00   4.4676755418624516E+00   9.9870667746934350E-01   0.0000000000000000E+00   3.3513700516052286E-03   2.8317638303195725E-01   3.6066581058745682E-03   4.3437244158029704E-03   6.6173154032049975E-03   6.0756737588326275E-02   3.4694469519536142E-17   1.1861860499624399E-01  -4.9088795173704514E-01   2.7483116486493833E-02   7.1000000000000005E-05   8.5226259999999989E+00   4.1999999999999998E-05   1.2568999999999999E-02   8.5353560000000002E+00   1.4000000000000000E-05
 
       1       88   7.5535181102362202E+01     1250        0   0.0000000000000000E+00   4.4358580159873036E+00   9.9870779291800083E-01   0.0000000000000000E+00   3.3661553421576759E-03   2.8323481420144414E-01   3.6066581058745682E-03   4.3478491434363964E-03   6.6769075653248921E-03   6.0756737996543547E-02   3.4694469519536142E-17   1.1864056363788125E-01  -4.9088795173704514E-01   2.7483116486493833E-02   6.9999999999999994E-05   8.9177669999999996E+00   4.9999999999999996E-05   3.9509999999999997E-03   8.9218799999999998E+00   2.0000000000000002E-05
 
       1       89   7.6403401574803155E+01     1250        0   0.0000000000000000E+00   4.3957628030344136E+00   9.9870919737629615E-01   0.0000000000000000E+00   3.3439088063364096E-03   2.8329693906828041E-01   3.6066581058745682E-03   4.3480347738064171E-03   6.7379264868098372E-03   6.0756737252351353E-02   3.4694469519536142E-17   1.1866299545074510E-01  -4.9088795173704514E-01   2.7483116486493833E-02   9.5000000000000005E-05   8.4480939999999993E+00   3.9999999999999990E-05   1.7012000000000003E-02   8.4652960000000004E+00   1.2999999999999999E-05
 
       1       90   7.7271622047244094E+01     1250        0   0.0000000000000000E+00   4.3826739969412625E+00   9.9870992394145863E-01   0.0000000000000000E+00   3.2873147041034253E-03   2.8335864810998623E-01   3.6066581058745682E-03   4.3446568328006658E-03   6.7881333788724326E-03   6.0756737480763538E-02   3.4694469519536142E-17   1.1868585765117159E-01  -4.9088795173704514E-01   2.7483116486493833E-02   7.1000000000000005E-05   8.8307439999999993E+00   4.0999999999999994E-05   1.2814999999999998E-02   8.8437099999999997E+00   1.2999999999999999E-05
 
       1       91   7.8139842519685047E+01     1250        0   0.0000000000000000E+00   4.3944472390002467E+00   9.9870969892632089E-01   0.0000000000000000E+00   3.2015072388164342E-03   2.8341613112382791E-01   3.6066581058745682E-03   4.3475597094473290E-03   6.8316027002831292E-03   6.0756738014410012E-02   3.4694469519536142E-17   1.1870909278506458E-01  -4.9088795173704514E-01   2.7483116486493833E-02   7.2000000000000002E-05   9.9049740000000011E+00   4.3999999999999992E-05   7.7499999999999999E-03   9.9128799999999995E+00   1.2000000000000000E-05
 
       1       92   7.9008062992125986E+01     1250        0   0.0000000000000000E+00   4.4181005562708524E+00   9.9870948043874308E-01   0.0000000000000000E+00   3.0947690135868984E-03   2.8346579268421151E-01   3.6066581058745682E-03   4.3480948793954716E-03   6.8759907985451599E-03   6.0756737351524856E-02   3.4694469519536142E-17   1.1873263643369872E-01  -4.9088795173704514E-01   2.7483116486493833E-02   6.9999999999999994E-05   8.9859579999999983E+00   5.4000000000000005E-05   1.3480999999999998E-02   8.9996080000000003E+00   1.2999999999999999E-05
 
       1       93   7.9876283464566939E+01     1250        0   0.0000000000000000E+00   4.4142855392058102E+00   9.9871032311498087E-01   0.0000000000000000E+00   2.9787274545297984E-03   2.8350408667543903E-01   3.6066581058745682E-03   4.3454772129494839E-03   6.9084696390305563E-03   6.0756737379796429E-02   3.4694469519536142E-17   1.1875643574117734E-01  -4.9088795173704514E-01   2.7483116486493833E-02   7.6000000000000004E-05   7.4152310000000003E+00   3.9999999999999996E-05   1.5133000000000001E-02   7.4305260000000004E+00   1.2000000000000000E-05
 
       1       94   8.0744503937007877E+01     1250        0   0.0000000000000000E+00   4.3922348177293529E+00   9.9871207699624476E-01   0.0000000000000000E+00   2.8667745241632283E-03   2.8352860221278814E-01   3.6066581058745682E-03   4.3471588699135156E-03   6.9329867429906190E-03   6.0756737995287309E-02   3.4694469519536142E-17   1.1878042678899108E-01  -4.9088795173704514E-01   2.7483116486493833E-02   7.6000000000000004E-05   9.3630460000000006E+00   4.5000000000000003E-05   1.4402000000000000E-02   9.3776130000000002E+00   2.0000000000000002E-05
 
       1       95   8.1612724409448816E+01     1250        0   0.0000000000000000E+00   4.3922348178562585E+00   9.9871352298806093E-01   0.0000000000000000E+00   2.7702290125897009E-03   2.8353908617847295E-01   3.6066581058745682E-03   4.3480440317382203E-03   6.9576661615311595E-03   6.0756737474382663E-02   3.4694469519536142E-17   1.1880453584544140E-01  -4.9088795173704514E-01   2.7483116486493833E-02   9.2999999999999997E-05   9.9011680000000002E+00   4.3000000000000002E-05   1.4558000000000001E-02   9.9159120000000005E+00   1.2000000000000000E-05
 
       1       96   8.2480944881889769E+01     1250        0   0.0000000000000000E+00   4.3922348179006523E+00   9.9871375697621645E-01   0.0000000000000000E+00   2.6983465037027877E-03   2.8353690866214032E-01   3.6066581058745682E-03   4.3461856818160028E-03   6.9694691398736273E-03   6.0756737291819803E-02   3.4694469519536142E-17   1.1882870044800348E-01  -4.9088795173704514E-01   2.7483116486493833E-02   7.1000000000000005E-05   8.1990169999999996E+00   3.5999999999999994E-05   1.2063999999999998E-02   8.2112250000000007E+00   1.2999999999999999E-05
 
       1       97   8.3349165354330708E+01     1250        0   0.0000000000000000E+00   4.4153898416620194E+00   9.9871326142433703E-01   0.0000000000000000E+00   2.6589057531686026E-03   2.8352503860988398E-01   3.6066581058745682E-03   4.3466464848806530E-03   6.9725380193901322E-03   6.0756737945563771E-02   3.4694469519536142E-17   1.1885285179559199E-01  -4.9088795173704514E-01   2.7483116486493833E-02   6.7999999999999999E-05   9.1873119999999986E+00   3.9999999999999996E-05   4.1909999999999994E-03   9.1916539999999998E+00   1.4000000000000000E-05
 
       1       98   8.4217385826771661E+01     1250        0   0.0000000000000000E+00   4.4243411935760797E+00   9.9871330207244580E-01   0.0000000000000000E+00   2.6562516649620803E-03   2.8350726678908861E-01   3.6066581058745682E-03   4.3479322372276382E-03   6.9748466906082458E-03   6.0756737608310275E-02   3.4694469519536142E-17   1.1887690882560992E-01  -4.9088795173704514E-01   2.7483116486493833E-02   6.8999999999999997E-05   9.8827429999999996E+00   4.4999999999999996E-05   6.5909999999999996E-03   9.8894889999999993E+00   1.4000000000000000E-05
 
       1       99   8.5085606299212600E+01     1250        0   0.0000000000000000E+00   4.3980742489669957E+00   9.9871433062273240E-01   0.0000000000000000E+00   2.6905971385422947E-03   2.8348743973526042E-01   3.6066581058745682E-03   4.3467823688100055E-03   6.9634841899508630E-03   6.0756737223227400E-02   3.4694469519536142E-17   1.1890080053290634E-01  -4.9088795173704514E-01   2.7483116486493833E-02   6.9999999999999994E-05   9.2543270000000000E+00   4.7000000000000004E-05   4.9810000000000002E-03   9.2594680000000000E+00   1.9000000000000001E-05
 
       1      100   8.5953826771653553E+01     1250        0   0.0000000000000000E+00   4.3922348177594728E+00   9.9871553089946796E-01   0.0000000000000000E+00   2.7580985519650128E-03   2.8346952974398093E-01   3.6066581058745682E-03   4.3460224182144463E-03   6.9430509543390150E-03   6.0756737871629982E-02   3.4694469519536142E-17   1.1892445490514846E-01  -4.9088795173704514E-01   2.7483116486493833E-02   1.2100000000000000E-04   7.8334510000000002E+00   4.8999999999999998E-05   1.0841000000000002E-02   7.8445130000000001E+00   1.2999999999999999E-05
 
       1      101   8.6822047244094492E+01     1250        0   0.0000000000000000E+00   4.3922348177912811E+00   9.9871600319440679E-01   0.0000000000000000E+00   2.8524143976560315E-03   2.8345761229229555E-01   3.6066581058745682E-03   4.3480667466045744E-03   6.9208620853987279E-03   6.0756737740692165E-02   3.4694469519536142E-17   1.1894778587340811E-01  -4.9088795173704514E-01   2.7483116486493833E-02   6.9999999999999994E-05   1.0069572000000001E+01   5.3000000000000001E-05   4.6849999999999999E-03   1.0074418000000000E+01   2.8000000000000000E-05
 
       1      102   8.7690267716535431E+01     1250        0   0.0000000000000000E+00   4.3974184732799095E+00   9.9871580199880594E-01   0.0000000000000000E+00   2.9643488890552781E-03   2.8345618633198960E-01   3.6066581058745682E-03   4.3472674071761939E-03   6.8844186211376324E-03   6.0756737180411489E-02   3.4694469519536142E-17   1.1897071553237498E-01  -4.9088795173704514E-01   2.7483116486493833E-02   1.0399999999999999E-04   9.0687530000000010E+00   5.3000000000000001E-05   3.8779999999999999E-03   9.0728360000000006E+00   1.2000000000000000E-05
 
       1      103   8.8558488188976384E+01     1250        0   0.0000000000000000E+00   4.4221335082994901E+00   9.9871563091073534E-01   0.0000000000000000E+00   3.0809037753098227E-03   2.8346857448608670E-01   3.6066581058745682E-03   4.3452865376091502E-03   6.8389711394539823E-03   6.0756737779878590E-02   3.4694469519536142E-17   1.1899317037037502E-01  -4.9088795173704514E-01   2.7483116486493833E-02   7.1000000000000005E-05   8.0366809999999997E+00   4.5000000000000003E-05   1.6273000000000003E-02   8.0531109999999995E+00   1.4000000000000000E-05
 
       1      104   8.9426708661417322E+01     1250        0   0.0000000000000000E+00   4.4244977443242162E+00   9.9871591984237562E-01   0.0000000000000000E+00   3.1888435723470524E-03   2.8349522548955280E-01   3.6066581058745682E-03   4.3480904196919650E-03   6.7908009916492016E-03   6.0756737858913001E-02   3.4694469519536142E-17   1.1901506193208990E-01  -4.9088795173704514E-01   2.7483116486493833E-02   7.7999999999999999E-05   1.0099965000000001E+01   4.2000000000000004E-05   1.0669999999999999E-02   1.0110806999999999E+01   1.2999999999999999E-05
 
       1      105   9.0294929133858275E+01     1250        0   0.0000000000000000E+00   4.3968387989425892E+00   9.9871645698353795E-01   0.0000000000000000E+00   3.2774455362307828E-03   2.8353446054981229E-01   3.6066581058745682E-03   4.3476409339857514E-03   6.7280379200752739E-03   6.0756737169762126E-02   3.4694469519536142E-17   1.1903630759023355E-01  -4.9088795173704514E-01   2.7483116486493833E-02   6.9999999999999994E-05   8.9844390000000001E+00   4.2000000000000004E-05   4.3140000000000001E-03   8.9889089999999996E+00   1.2999999999999999E-05
 
       1      106   9.1163149606299214E+01     1250        0   0.0000000000000000E+00   4.3922348178069441E+00   9.9871682273538143E-01   0.0000000000000000E+00   3.3390765323541823E-03   2.8358371581592423E-01   3.6066581058745682E-03   4.3444387145959917E-03   6.6566924545907180E-03   6.0756737676703747E-02   3.4694469519536142E-17   1.1905683403446611E-01  -4.9088795173704514E-01   2.7483116486493833E-02   6.9999999999999994E-05   9.3508060000000004E+00   3.9999999999999996E-05   1.2031000000000002E-02   9.3629899999999999E+00   1.4000000000000000E-05
 
       1      107   9.2031370078740167E+01     1250        0   0.0000000000000000E+00   4.3922348177403530E+00   9.9871691787816175E-01   0.0000000000000000E+00   3.3683065372718413E-03   2.8364043535119893E-01   3.6066581058745682E-03   4.3480031020338714E-03   6.5817921185110269E-03   6.0756737950358547E-02   3.4694469519536142E-17   1.1907655327930873E-01  -4.9088795173704514E-01   2.7483116486493833E-02   8.2000000000000001E-05   8.2795689999999986E+00   4.1999999999999998E-05   4.3169999999999997E-03   8.2840500000000006E+00   1.4000000000000000E-05
 
       1      108   9.2899590551181106E+01     1250        0   0.0000000000000000E+00   4.4015148152926526E+00   9.9871693179927723E-01   0.0000000000000000E+00   3.3614991905025395E-03   2.8370116142943569E-01   3.6066581058745682E-03   4.3479030901277258E-03   6.4922329394034393E-03   6.0756737197666819E-02   3.4694469519536142E-17   1.1909538062564057E-01  -4.9088795173704514E-01   2.7483116486493833E-02   7.4999999999999993E-05   9.8939090000000007E+00   4.3999999999999999E-05   6.7349999999999997E-03   9.9008219999999998E+00   1.4000000000000000E-05
 
       1      109   9.3767811023622045E+01     1250        0   0.0000000000000000E+00   4.4312989158631435E+00   9.9871699268476688E-01   0.0000000000000000E+00   3.3191517999011234E-03   2.8376102190873020E-01   3.6066581058745682E-03   4.3439028796497950E-03   6.3948041741424214E-03   6.0756737568500398E-02   3.4694469519536142E-17   1.1911324459997780E-01  -4.9088795173704514E-01   2.7483116486493833E-02   7.1000000000000005E-05   9.4649390000000011E+00   4.3999999999999999E-05   5.7050000000000000E-03   9.4708079999999999E+00   1.5000000000000000E-05
 
       1      110   9.4636031496062998E+01     1250        0   0.0000000000000000E+00   4.4230713475245427E+00   9.9871708499496048E-01   0.0000000000000000E+00   3.2456327409489485E-03   2.8381515722370837E-01   3.6066581058745682E-03   4.3478046429602608E-03   6.2932314447137648E-03   6.0756738002849982E-02   3.4694469519536142E-17   1.1913006071117077E-01  -4.9088795173704514E-01   2.7483116486493833E-02   6.9999999999999994E-05   8.3608209999999996E+00   4.2999999999999995E-05   4.6470000000000001E-03   8.3656190000000006E+00   1.2999999999999999E-05
 
       1      111   9.5504251968503937E+01     1250        0   0.0000000000000000E+00   4.4414289799687339E+00   9.9871719328406361E-01   0.0000000000000000E+00   3.1484584416120206E-03   2.8385923200586721E-01   3.6066581058745682E-03   4.3480540203003010E-03   6.1772259762291528E-03   6.0756737268107666E-02   3.4694469519536142E-17   1.1914574521284865E-01  -4.9088795173704514E-01   2.7483116486493833E-02   6.8999999999999997E-05   3.6722874000000004E+01   4.2999999999999995E-05   1.6091000000000001E-02   3.6739120999999997E+01   1.5100000000000001E-04
 
       1      112   9.6372472440944890E+01     1250        0   0.0000000000000000E+00   4.4970205747030807E+00   9.9871731301784716E-01   0.0000000000000000E+00   3.0385780916287633E-03   2.8388988384943531E-01   3.6066581058745682E-03   4.3448148483023526E-03   6.0542772926627207E-03   6.0756737461664032E-02   3.4694469519536142E-17   1.1916023001999806E-01  -4.9088795173704514E-01   2.7483116486493833E-02   6.5700000000000003E-04   7.9026516000000001E+01   4.4000000000000002E-04   5.9605999999999992E-02   7.9087418000000000E+01   1.2999999999999999E-05
 
       1      113   9.7240692913385814E+01     1250        0   0.0000000000000000E+00   4.4903011380306603E+00   9.9871739269098825E-01   0.0000000000000000E+00   2.9285452021846031E-03   2.8390522713835759E-01   3.6066581058745682E-03   4.3474948955961506E-03   5.9269452980038996E-03   6.0756738013492156E-02   3.4694469519536142E-17   1.1917343725407210E-01  -4.9088795173704514E-01   2.7483116486493833E-02   6.7000000000000002E-05   4.6881201000000004E+01   7.2199999999999999E-04   3.4270000000000002E-02   4.6916525999999998E+01   1.4899999999999999E-04
 
       1      114   9.8108913385826767E+01     1250        0   0.0000000000000000E+00   4.4749758883634261E+00   9.9871739855199615E-01   0.0000000000000000E+00   2.8301989170355273E-03   2.8390540866826619E-01   3.6066581058745682E-03   4.3480938730018790E-03   5.7857095999282425E-03   6.0756737372542599E-02   3.4694469519536142E-17   1.1918528726818156E-01  -4.9088795173704514E-01   2.7483116486493833E-02   2.7200000000000000E-04   6.4072350999999998E+01   3.2299999999999999E-04   5.6138999999999994E-02   6.4129309000000006E+01   4.6999999999999997E-05
 
       1      115   9.8977133858267706E+01     1250        0   0.0000000000000000E+00   4.4667074645616553E+00   9.9871737899795132E-01   0.0000000000000000E+00   2.7518735640968042E-03   2.8389272096822749E-01   3.6066581058745682E-03   4.3456148027264663E-03   5.6385810217000117E-03   6.0756737362589928E-02   3.4694469519536142E-17   1.1919571705226080E-01  -4.9088795173704514E-01   2.7483116486493833E-02   6.9999999999999994E-05   7.0287194000000000E+01   3.0400000000000002E-04   2.1177000000000001E-02   7.0308790000000002E+01   4.4799999999999999E-04
 
       1      116   9.9845354330708645E+01     1250        0   0.0000000000000000E+00   4.5248380602242468E+00   9.9871739542324622E-01   0.0000000000000000E+00   2.6992919363341074E-03   2.8386970546610152E-01   3.6066581058745682E-03   4.3470737168706019E-03   5.4872809419556018E-03   6.0756737988310397E-02   3.4694469519536142E-17   1.1920465829862947E-01  -4.9088795173704514E-01   2.7483116486493833E-02   2.3029999999999999E-03   4.1389688000000000E+01   4.4000000000000006E-05   3.6160999999999999E-02   4.1430219999999998E+01   1.2999999999999999E-05
 
       1      117   1.0071357480314960E+02     1250        0   0.0000000000000000E+00   4.5435850184615045E+00   9.9871743858087247E-01   0.0000000000000000E+00   2.6781148165487718E-03   2.8383882075270617E-01   3.6066581058745682E-03   4.3480228005220167E-03   5.3229105868415156E-03   6.0756737498360705E-02   3.4694469519536142E-17   1.1921203856619539E-01  -4.9088795173704514E-01   2.7483116486493833E-02   7.6000000000000004E-05   8.1764948000000004E+01   4.3999999999999999E-05   1.4045999999999999E-02   8.1779159000000007E+01   7.8999999999999996E-05
 
       1      118   1.0158179527559054E+02     1250        0   0.0000000000000000E+00   4.5145787979016871E+00   9.9871746085338953E-01   0.0000000000000000E+00   2.6917317628043988E-03   2.8380363880969733E-01   3.6066581058745682E-03   4.3463028691904590E-03   5.1537224909433202E-03   6.0756737277672848E-02   3.4694469519536142E-17   1.1921780182484744E-01  -4.9088795173704514E-01   2.7483116486493833E-02   4.8200000000000001E-04   3.2629854999999999E+01   9.8999999999999994E-05   3.9850999999999998E-02   3.2672426999999999E+01   1.2000000000000000E-05
 
       1      119   1.0245001574803149E+02     1250        0   0.0000000000000000E+00   4.4885491918281843E+00   9.9871745250857979E-01   0.0000000000000000E+00   2.7389051244062173E-03   2.8376896520889738E-01   3.6066581058745682E-03   4.3465409675255626E-03   4.9811184971820174E-03   6.0756737933693447E-02   3.4694469519536142E-17   1.1922189196360031E-01  -4.9088795173704514E-01   2.7483116486493833E-02   7.6000000000000004E-05   9.7324635000000001E+01   1.6370000000000000E-03   2.4129000000000001E-02   9.7350662999999997E+01   1.6830000000000000E-03
 
       1      120   1.0331823622047243E+02     1250        0   0.0000000000000000E+00   4.4951019469805464E+00   9.9871744155957076E-01   0.0000000000000000E+00   2.8135341134977927E-03   2.8373986792427391E-01   3.6066581058745682E-03   4.3479650346644168E-03   4.7965736158830262E-03   6.0756737632947123E-02   3.4694469519536142E-17   1.1922424674023596E-01  -4.9088795173704514E-01   2.7483116486493833E-02   4.3300000000000001E-04   1.9267980999999999E+01   4.6000000000000007E-05   4.0282999999999999E-02   1.9308872000000001E+01   1.2999999999999999E-05
 
       1      121   1.0418645669291338E+02     1250        0   0.0000000000000000E+00   4.5075748869856316E+00   9.9871744309563160E-01   0.0000000000000000E+00   2.9069257167860696E-03   2.8371973034684017E-01   3.6066581058745682E-03   4.3468791778043456E-03   4.7331618739125218E-03   6.0756737213306260E-02   3.4694469519536142E-17   1.1922481913719177E-01  -4.9088795173704514E-01   2.7483116486493833E-02   7.2999999999999999E-05   8.9005364000000000E+01   1.7099999999999998E-04   1.2749000000000000E-02   8.9018396999999993E+01   1.4000000000000000E-05
 
       1      122   1.0505467716535432E+02     1250        0   0.0000000000000000E+00   4.5241295087055420E+00   9.9871744781428484E-01   0.0000000000000000E+00   3.0097039775352245E-03   2.8371012876039325E-01   3.6066581058745682E-03   4.3458965121245530E-03   4.9403574671915028E-03   6.0756737856032368E-02   3.4694469519536142E-17   1.1922356745638538E-01  -4.9088795173704514E-01   2.7483116486493833E-02   6.9999999999999994E-05   2.7477133000000002E+01   4.2000000000000004E-05   4.6084999999999994E-02   2.7523371000000001E+01   1.4000000000000000E-05
 
       1      123   1.0592289763779526E+02     1250        0   0.0000000000000000E+00   4.5340243474283932E+00   9.9871744897333958E-01   0.0000000000000000E+00   3.1109019119516463E-03   2.8371140520370369E-01   3.6066581058745682E-03   4.3480793355968259E-03   5.1480565506926770E-03   6.0756737763686335E-02   3.4694469519536142E-17   1.1922044244864760E-01  -4.9088795173704514E-01   2.7483116486493833E-02   6.9999999999999994E-05   5.3854089000000002E+01   1.6400000000000000E-04   1.3675000000000001E-02   5.3868040000000001E+01   1.4000000000000000E-05
 
       1      124   1.0679111811023621E+02     1250        0   0.0000000000000000E+00   4.5164724651035604E+00   9.9871745165928283E-01   0.0000000000000000E+00   3.2003580016994639E-03   2.8372226014505819E-01   3.6066581058745682E-03   4.3473438625115362E-03   5.3673773996959001E-03   6.0756737175882057E-02   3.4694469519536142E-17   1.1921540816847989E-01  -4.9088795173704514E-01   2.7483116486493833E-02   7.3999999999999996E-05   6.2951402999999999E+01   7.7999999999999999E-05   1.8898000000000002E-02   6.2970565000000001E+01   1.2999999999999999E-05
 
       1      125   1.0765933858267715E+02     1250        0   0.0000000000000000E+00   4.5164831049786125E+00   9.9871745874394335E-01   0.0000000000000000E+00   3.2713523763052742E-03   2.8374035634349504E-01   3.6066581058745682E-03   4.3451402190611997E-03   5.5839965736282108E-03   6.0756737761720088E-02   3.4694469519536142E-17   1.1920843906828987E-01  -4.9088795173704514E-01   2.7483116486493833E-02   7.2000000000000002E-05   3.6772480999999999E+01   5.1000000000000006E-05   1.3400999999999998E-02   3.6786045000000001E+01   1.9000000000000001E-05
 
       1      126   1.0852755905511810E+02     1250        0   0.0000000000000000E+00   4.5164831039176052E+00   9.9871746588963495E-01   0.0000000000000000E+00   3.3196034117013375E-03   2.8376290059218112E-01   3.6066581058745682E-03   4.3480827717799989E-03   5.7973039468872650E-03   6.0756737877963138E-02   3.4694469519536142E-17   1.1919950140451623E-01  -4.9088795173704514E-01   2.7483116486493833E-02   8.6000000000000003E-05   8.3851101000000000E+01   2.3799999999999998E-04   3.0445000000000000E-02   8.3881923000000000E+01   1.2999999999999999E-05
 
       1      127   1.0939577952755904E+02     1250        0   0.0000000000000000E+00   4.5164831103630902E+00   9.9871747017313894E-01   0.0000000000000000E+00   3.3410620175766638E-03   2.8378711143572466E-01   3.6066581058745682E-03   4.3476970610803614E-03   6.0213809065373138E-03   6.0756737171789928E-02   3.4694469519536142E-17   1.1918857229098784E-01  -4.9088795173704514E-01   2.7483116486493833E-02   7.7999999999999999E-05   8.1898569999999999E+00   5.8999999999999998E-05   4.8650000000000004E-03   8.1949020000000008E+00   1.2999999999999999E-05
 
       1      128   1.1026400000000000E+02     1250        0   0.0000000000000000E+00   4.5164831059327195E+00   9.9871747391046550E-01   0.0000000000000000E+00   3.3311619123582012E-03   2.8380980476388401E-01   3.6066581058745682E-03   4.3442719605675979E-03   6.2418312467402929E-03   6.0756737657150936E-02   3.4694469519536142E-17   1.1917564352646341E-01  -4.9088795173704514E-01   2.7483116486493833E-02   7.2000000000000002E-05   8.5688662000000008E+01   1.4530000000000001E-03   2.3414999999999998E-02   8.5713696999999996E+01   2.0000000000000002E-05
 
