# itau tau weighted_probability_total weighted_delta_from_first max_k_index max_k max_k_weighted_probability
# mature_reference=sum_mom uses |mom|^2*k^2*sin(theta)*dk*dtheta*dphi
# dk_dtheta_dphi   6.2375000000000007E-02   1.5707963267948966E-01   6.2831853071795862E+00
       1   0.0000000000000000E+00   1.6878167730652784E-03   0.0000000000000000E+00       10   5.6637499999999996E-01   9.7904484045408224E-05
       2   8.6822047244094480E-01   1.7082540633159924E-03   2.0437290250713974E-05        9   5.0400000000000000E-01   1.0232139767986582E-04
       3   1.7364409448818896E+00   1.7218780812988765E-03   3.4061308233598094E-05        9   5.0400000000000000E-01   1.0560841592489939E-04
       4   2.6046614173228346E+00   1.7172998010881162E-03   2.9483028022837809E-05        7   3.7924999999999998E-01   1.0477951879057145E-04
       5   3.4728818897637792E+00   1.6837466392481818E-03  -4.0701338170966248E-06        7   3.7924999999999998E-01   1.0036629284444410E-04
       6   4.3411023622047242E+00   1.6268780396900737E-03  -6.0938733375204713E-05        7   3.7924999999999998E-01   9.2940457459660662E-05
       7   5.2093228346456693E+00   1.5677854752609197E-03  -1.2003129780435869E-04        7   3.7924999999999998E-01   8.4250177614422710E-05
       8   6.0775433070866134E+00   1.5273242742666862E-03  -1.6049249879859220E-04        7   3.7924999999999998E-01   7.5857637999291637E-05
       9   6.9457637795275584E+00   1.5146526390751658E-03  -1.7316413399011258E-04       10   5.6637499999999996E-01   7.0327140663104489E-05
      10   7.8139842519685034E+00   1.5290854355874519E-03  -1.5873133747782656E-04       10   5.6637499999999996E-01   8.4267570293368652E-05
      11   8.6822047244094485E+00   1.5641263078826377E-03  -1.2369046518264076E-04       10   5.6637499999999996E-01   9.5824101404658511E-05
      12   9.5504251968503944E+00   1.6077056642324853E-03  -8.0111108832793152E-05       10   5.6637499999999996E-01   1.0089495538001685E-04
      13   1.0418645669291339E+01   1.6438960729151415E-03  -4.3920700150136896E-05        9   5.0400000000000000E-01   9.8092574234375161E-05
      14   1.1286866141732284E+01   1.6610339630674029E-03  -2.6782809997875565E-05        9   5.0400000000000000E-01   1.0327858088233110E-04
      15   1.2155086614173227E+01   1.6611086960480088E-03  -2.6708077017269585E-05        9   5.0400000000000000E-01   1.0307099679354715E-04
      16   1.3023307086614173E+01   1.6573887279124019E-03  -3.0428045152876542E-05        7   3.7924999999999998E-01   1.0735111789808569E-04
      17   1.3891527559055117E+01   1.6617793217140134E-03  -2.6037451351264979E-05        7   3.7924999999999998E-01   1.0938833002573388E-04
      18   1.4759748031496061E+01   1.6736031567875188E-03  -1.4213616277759626E-05        7   3.7924999999999998E-01   1.0476889162939824E-04
      19   1.5627968503937007E+01   1.6781248946128972E-03  -9.6918784523811891E-06        7   3.7924999999999998E-01   9.4688829627759665E-05
      20   1.6496188976377955E+01   1.6584428461346727E-03  -2.9373926930605695E-05        4   1.9212499999999999E-01   8.4733179892288894E-05
      21   1.7364409448818897E+01   1.6124054534089475E-03  -7.5411319656330973E-05       10   5.6637499999999996E-01   8.0269195360129210E-05
      22   1.8232629921259843E+01   1.5603936789006976E-03  -1.2742309416458085E-04       10   5.6637499999999996E-01   8.9630363875938082E-05
      23   1.9100850393700789E+01   1.5328311461752279E-03  -1.5498562689005057E-04       10   5.6637499999999996E-01   9.6097313675538003E-05
      24   1.9969070866141735E+01   1.5444138854130501E-03  -1.4340288765222835E-04       10   5.6637499999999996E-01   9.7167391875474317E-05
      25   2.0837291338582677E+01   1.5819561706295038E-03  -1.0586060243577460E-04        9   5.0400000000000000E-01   1.0054276013235031E-04
      26   2.1705511811023623E+01   1.6173412169375497E-03  -7.0475556127728685E-05        9   5.0400000000000000E-01   1.0565853129910295E-04
      27   2.2573732283464569E+01   1.6314840261622595E-03  -5.6332746903018900E-05        9   5.0400000000000000E-01   1.0433585997271586E-04
      28   2.3441952755905511E+01   1.6273133862259709E-03  -6.0503386839307494E-05        7   3.7924999999999998E-01   1.0302863262679586E-04
      29   2.4310173228346454E+01   1.6219489654442048E-03  -6.5867807621073585E-05        7   3.7924999999999998E-01   1.0690509295657547E-04
      30   2.5178393700787399E+01   1.6296882655664727E-03  -5.8128507498805739E-05        7   3.7924999999999998E-01   1.0522843696720831E-04
      31   2.6046614173228345E+01   1.6503204990522139E-03  -3.7496274013064552E-05        7   3.7924999999999998E-01   9.8851753803562260E-05
      32   2.6914834645669288E+01   1.6699943926080743E-03  -1.7822380457204173E-05        7   3.7924999999999998E-01   8.9832961499315391E-05
      33   2.7783055118110234E+01   1.6723123292582132E-03  -1.5504443807065268E-05       10   5.6637499999999996E-01   9.2816076345813501E-05
      34   2.8651275590551180E+01   1.6499906277951024E-03  -3.7826145270176015E-05       10   5.6637499999999996E-01   1.0010110951616377E-04
      35   2.9519496062992122E+01   1.6111830866108044E-03  -7.6633686454473989E-05       10   5.6637499999999996E-01   9.9892042928805677E-05
      36   3.0387716535433068E+01   1.5750840799262202E-03  -1.1273269313905824E-04        9   5.0400000000000000E-01   9.5067009964462554E-05
      37   3.1255937007874014E+01   1.5587870347585978E-03  -1.2902973830668067E-04        9   5.0400000000000000E-01   1.0166747226953179E-04
      38   3.2124157480314963E+01   1.5668562431445071E-03  -1.2096052992077136E-04        9   5.0400000000000000E-01   1.0289070806582404E-04
      39   3.2992377952755909E+01   1.5901612791721488E-03  -9.7655493893129613E-05        9   5.0400000000000000E-01   9.8921710924038480E-05
      40   3.3860598425196855E+01   1.6143158209710382E-03  -7.3500952094240251E-05        7   3.7924999999999998E-01   9.4714184246872399E-05
      41   3.4728818897637794E+01   1.6299226691714331E-03  -5.7894103893845307E-05        7   3.7924999999999998E-01   1.0507259338456335E-04
      42   3.5597039370078740E+01   1.6363313377540515E-03  -5.1485435311226938E-05        7   3.7924999999999998E-01   1.1096229003107624E-04
      43   3.6465259842519686E+01   1.6382705934849294E-03  -4.9546179580348994E-05        7   3.7924999999999998E-01   1.1008983232134891E-04
      44   3.7333480314960632E+01   1.6391168828812708E-03  -4.8699890184007591E-05        7   3.7924999999999998E-01   1.0216769416848860E-04
      45   3.8201700787401577E+01   1.6381769354784125E-03  -4.9639837586865944E-05       10   5.6637499999999996E-01   9.2529577729762299E-05
      46   3.9069921259842523E+01   1.6329378707284762E-03  -5.4878902336802241E-05       10   5.6637499999999996E-01   9.1095792373632306E-05
      47   3.9938141732283469E+01   1.6237311577558527E-03  -6.4085615309425773E-05        4   1.9212499999999999E-01   8.6716001432946766E-05
      48   4.0806362204724408E+01   1.6169603021355364E-03  -7.0856470929742035E-05        9   5.0400000000000000E-01   9.5016053658011234E-05
      49   4.1674582677165354E+01   1.6186199733300545E-03  -6.9196799735223892E-05        9   5.0400000000000000E-01   1.0192947530684604E-04
      50   4.2542803149606300E+01   1.6256318598951883E-03  -6.2184913170090176E-05        9   5.0400000000000000E-01   1.0340071079990179E-04
      51   4.3411023622047246E+01   1.6288399995714738E-03  -5.8976773493804677E-05        9   5.0400000000000000E-01   9.8832225657672376E-05
      52   4.4279244094488192E+01   1.6227579917641973E-03  -6.5058781301081123E-05        7   3.7924999999999998E-01   9.2751803606873069E-05
      53   4.5147464566929138E+01   1.6096654483233283E-03  -7.8151324741950173E-05        7   3.7924999999999998E-01   1.0132975793903574E-04
      54   4.6015685039370084E+01   1.5964537347445712E-03  -9.1363038320707189E-05        7   3.7924999999999998E-01   1.0594490778373673E-04
      55   4.6883905511811022E+01   1.5913584343496272E-03  -9.6458338715651234E-05        7   3.7924999999999998E-01   1.0508161146543659E-04
      56   4.7752125984251968E+01   1.5998982970406466E-03  -8.7918476024631802E-05        7   3.7924999999999998E-01   9.8993370751822952E-05
      57   4.8620346456692907E+01   1.6194627184142455E-03  -6.8354054651032902E-05       10   5.6637499999999996E-01   9.4101302436757671E-05
      58   4.9488566929133853E+01   1.6403765951437639E-03  -4.7440177921514483E-05       10   5.6637499999999996E-01   8.9193302245572277E-05
      59   5.0356787401574799E+01   1.6521693587971456E-03  -3.5647414268132798E-05        9   5.0400000000000000E-01   9.2308983608486365E-05
      60   5.1225007874015745E+01   1.6508726956732936E-03  -3.6944077391984874E-05        9   5.0400000000000000E-01   9.8901527068790096E-05
      61   5.2093228346456691E+01   1.6422539256939744E-03  -4.5562847371304060E-05        9   5.0400000000000000E-01   1.0074495976165108E-04
      62   5.2961448818897630E+01   1.6340361778660146E-03  -5.3780595199263807E-05        9   5.0400000000000000E-01   9.7443066266358037E-05
      63   5.3829669291338575E+01   1.6274293569084773E-03  -6.0387416156801148E-05        9   5.0400000000000000E-01   9.0593821348436832E-05
      64   5.4697889763779521E+01   1.6197012260764803E-03  -6.8115546988798108E-05        9   5.0400000000000000E-01   8.2949418996119560E-05
      65   5.5566110236220467E+01   1.6109765891211625E-03  -7.6840183944115910E-05        7   3.7924999999999998E-01   8.7853588013860369E-05
      66   5.6434330708661413E+01   1.6046274624883555E-03  -8.3189310576922909E-05        7   3.7924999999999998E-01   9.4061710993109364E-05
      67   5.7302551181102359E+01   1.6040670725130316E-03  -8.3749700552246788E-05        7   3.7924999999999998E-01   9.8620595656439294E-05
      68   5.8170771653543305E+01   1.6117989038818793E-03  -7.6017869183399138E-05        7   3.7924999999999998E-01   1.0012358355298629E-04
      69   5.9038992125984244E+01   1.6256827707559157E-03  -6.2134002309362701E-05        7   3.7924999999999998E-01   9.7705948976120884E-05
      70   5.9907212598425190E+01   1.6369980454140900E-03  -5.0818727651188436E-05        7   3.7924999999999998E-01   9.1499096006589464E-05
      71   6.0775433070866136E+01   1.6389346380534409E-03  -4.8882135011837522E-05        9   5.0400000000000000E-01   8.8627886810566960E-05
      72   6.1643653543307082E+01   1.6344963238271650E-03  -5.3320449238113436E-05        9   5.0400000000000000E-01   8.9889475383895503E-05
      73   6.2511874015748027E+01   1.6331000228659606E-03  -5.4716750199317824E-05        9   5.0400000000000000E-01   8.9749265267176874E-05
      74   6.3380094488188973E+01   1.6398948099347809E-03  -4.7921963130497479E-05        9   5.0400000000000000E-01   8.8253776580104432E-05
      75   6.4248314960629926E+01   1.6498346328572642E-03  -3.7982140208014242E-05        9   5.0400000000000000E-01   8.5614843355612475E-05
      76   6.5116535433070865E+01   1.6532364112201636E-03  -3.4580361845114836E-05        7   3.7924999999999998E-01   8.2607954534084644E-05
      77   6.5984755905511818E+01   1.6453358142976490E-03  -4.2480958767629430E-05        7   3.7924999999999998E-01   8.7750606098834579E-05
      78   6.6852976377952757E+01   1.6306707640150909E-03  -5.7146009050187572E-05        7   3.7924999999999998E-01   9.1128519284675805E-05
      79   6.7721196850393710E+01   1.6183350633316115E-03  -6.9481709733666946E-05        7   3.7924999999999998E-01   9.2847358294322462E-05
      80   6.8589417322834649E+01   1.6133824203039254E-03  -7.4434352761353073E-05        7   3.7924999999999998E-01   9.3327750364113546E-05
      81   6.9457637795275588E+01   1.6140149501095726E-03  -7.3801822955705827E-05        7   3.7924999999999998E-01   9.2471762348358312E-05
      82   7.0325858267716541E+01   1.6152250744965184E-03  -7.2591698568760018E-05        7   3.7924999999999998E-01   8.9837406966868002E-05
      83   7.1194078740157480E+01   1.6150773321506953E-03  -7.2739440914583106E-05        9   5.0400000000000000E-01   8.7647242368123099E-05
      84   7.2062299212598433E+01   1.6162264562208637E-03  -7.1590316844414702E-05        9   5.0400000000000000E-01   8.6615707765469858E-05
      85   7.2930519685039371E+01   1.6204477529349797E-03  -6.7369020130298753E-05        9   5.0400000000000000E-01   8.4906292278551313E-05
      86   7.3798740157480324E+01   1.6255829065417061E-03  -6.2233866523572377E-05        9   5.0400000000000000E-01   8.3202912616373227E-05
      87   7.4666960629921263E+01   1.6289226473833658E-03  -5.8894125681912667E-05        9   5.0400000000000000E-01   8.2015983019277652E-05
      88   7.5535181102362202E+01   1.6320004694194796E-03  -5.5816303645798808E-05        7   3.7924999999999998E-01   8.1985267658538801E-05
      89   7.6403401574803155E+01   1.6380416023828608E-03  -4.9775170682417585E-05        7   3.7924999999999998E-01   8.5462265187253480E-05
      90   7.7271622047244094E+01   1.6438938685349467E-03  -4.3922904530331770E-05        7   3.7924999999999998E-01   8.8653555625484092E-05
      91   7.8139842519685047E+01   1.6413025007605466E-03  -4.6514272304731819E-05        7   3.7924999999999998E-01   9.0944992587601144E-05
      92   7.9008062992125986E+01   1.6281126366017244E-03  -5.9704136463554049E-05        7   3.7924999999999998E-01   9.1813703950561928E-05
      93   7.9876283464566939E+01   1.6143457826667297E-03  -7.3470990398548722E-05        7   3.7924999999999998E-01   9.1003381405127515E-05
      94   8.0744503937007877E+01   1.6127977123235339E-03  -7.5019060741744487E-05        7   3.7924999999999998E-01   8.8728082679904422E-05
      95   8.1612724409448816E+01   1.6235851692448459E-03  -6.4231603820432553E-05        7   3.7924999999999998E-01   8.5665559398636774E-05
      96   8.2480944881889769E+01   1.6332752378176122E-03  -5.4541535247666249E-05        9   5.0400000000000000E-01   8.3193559628044183E-05
      97   8.3349165354330708E+01   1.6296300837873373E-03  -5.8186689277941149E-05       10   5.6637499999999996E-01   8.3026161557266901E-05
      98   8.4217385826771661E+01   1.6151424049406576E-03  -7.2674368124620850E-05       10   5.6637499999999996E-01   8.1348626549358058E-05
      99   8.5085606299212600E+01   1.6049181705902948E-03  -8.2898602474983617E-05        9   5.0400000000000000E-01   8.1328299843121365E-05
     100   8.5953826771653553E+01   1.6109256492550360E-03  -7.6891123810242379E-05        9   5.0400000000000000E-01   8.2545653430340642E-05
     101   8.6822047244094492E+01   1.6306200648490508E-03  -5.7196708216227660E-05        7   3.7924999999999998E-01   8.4483061820639994E-05
     102   8.7690267716535431E+01   1.6494798794772893E-03  -3.8336893587989120E-05        7   3.7924999999999998E-01   8.7070979540378082E-05
     103   8.8558488188976384E+01   1.6536322845098878E-03  -3.4184488555390625E-05        7   3.7924999999999998E-01   8.9135417039683826E-05
     104   8.9426708661417322E+01   1.6416572659612360E-03  -4.6159507104042395E-05        7   3.7924999999999998E-01   9.0212984122004642E-05
     105   9.0294929133858275E+01   1.6240830683654376E-03  -6.3733704699840861E-05        7   3.7924999999999998E-01   9.0071375055022913E-05
     106   9.1163149606299214E+01   1.6133967134254346E-03  -7.4420059639843800E-05        7   3.7924999999999998E-01   8.8760812378947841E-05
     107   9.2031370078740167E+01   1.6144886082184837E-03  -7.3328164846794743E-05        7   3.7924999999999998E-01   8.6597769344596233E-05
     108   9.2899590551181106E+01   1.6229808772158195E-03  -6.4835895849458917E-05        7   3.7924999999999998E-01   8.4081437459997870E-05
     109   9.3767811023622045E+01   1.6311107340753941E-03  -5.6706038989884355E-05       10   5.6637499999999996E-01   8.2072271442888535E-05
     110   9.4636031496062998E+01   1.6330652366080898E-03  -5.4751536457188586E-05        9   5.0400000000000000E-01   8.0446949265453998E-05
     111   9.5504251968503937E+01   1.6277058577518215E-03  -6.0110915313456911E-05        9   5.0400000000000000E-01   8.1211018246759713E-05
     112   9.6372472440944890E+01   1.6185638424431046E-03  -6.9252930622173839E-05        9   5.0400000000000000E-01   8.2665541542089650E-05
     113   9.7240692913385814E+01   1.6110455040036801E-03  -7.6771269061598306E-05        9   5.0400000000000000E-01   8.4410709931476968E-05
     114   9.8108913385826767E+01   1.6096299014834795E-03  -7.8186871581798975E-05        9   5.0400000000000000E-01   8.6000983895486246E-05
     115   9.8977133858267706E+01   1.6155090999566504E-03  -7.2307673108628050E-05        7   3.7924999999999998E-01   8.7321580849962976E-05
     116   9.9845354330708645E+01   1.6268561668092612E-03  -6.0960606256017270E-05        7   3.7924999999999998E-01   8.9616078619265087E-05
     117   1.0071357480314960E+02   1.6403500223208889E-03  -4.7466750744389529E-05        7   3.7924999999999998E-01   9.1036083594521429E-05
     118   1.0158179527559054E+02   1.6512086219591974E-03  -3.6608151106081030E-05        7   3.7924999999999998E-01   9.1235584559990748E-05
     119   1.0245001574803149E+02   1.6546521901132664E-03  -3.3164582952011990E-05        7   3.7924999999999998E-01   9.0115827175342152E-05
     120   1.0331823622047243E+02   1.6485793929430198E-03  -3.9237380122258666E-05        7   3.7924999999999998E-01   8.7858292657668266E-05
     121   1.0418645669291338E+02   1.6354797212101981E-03  -5.2337051855080299E-05        7   3.7924999999999998E-01   8.4897231901405939E-05
     122   1.0505467716535432E+02   1.6207079522295908E-03  -6.7108820835687583E-05        7   3.7924999999999998E-01   8.1843845927769221E-05
     123   1.0592289763779526E+02   1.6082162391223536E-03  -7.9600533942924797E-05        9   5.0400000000000000E-01   8.1161422602907913E-05
     124   1.0679111811023621E+02   1.6003419520187567E-03  -8.7474821046521715E-05        9   5.0400000000000000E-01   8.1658719578063500E-05
     125   1.0765933858267715E+02   1.5994070230900379E-03  -8.8409749975240561E-05        9   5.0400000000000000E-01   8.2681890782478816E-05
     126   1.0852755905511810E+02   1.6068832119116117E-03  -8.0933561153666766E-05        9   5.0400000000000000E-01   8.4066617321182445E-05
     127   1.0939577952755904E+02   1.6206803915103114E-03  -6.7136381554967067E-05        9   5.0400000000000000E-01   8.5567730282616581E-05
     128   1.1026400000000000E+02   1.6340986845063965E-03  -5.3718088558881924E-05        7   3.7924999999999998E-01   8.6894762795502705E-05
