# itau tau ik k angular_weighted_probability energy_spectrum_density total_bin_weighted_probability
# mature_reference=sum_mom uses |mom|^2*k^2*sin(theta)*dk*dtheta*dphi
# dk_dtheta_dphi   6.2375000000000007E-02   1.5707963267948966E-01   6.2831853071795862E+00
       1   0.0000000000000000E+00        1   5.0000000000000001E-03   5.1741013511177727E+01   1.2935253377794433E-03   8.0683642943992791E-05
       1   0.0000000000000000E+00        2   6.7375000000000004E-02   3.9234048353986877E+00   1.7809867127888474E-02   1.1108904621020437E-03
       1   0.0000000000000000E+00        3   1.2975000000000000E-01   1.9833089289765162E+00   3.3389129776127714E-02   2.0826469697859664E-03
       1   0.0000000000000000E+00        4   1.9212499999999999E-01   1.0391504926080071E+00   3.8357139219873201E-02   2.3925265588395912E-03
       1   0.0000000000000000E+00        5   2.5450000000000000E-01   4.3157006540782550E-01   2.7952901028981209E-02   1.7435622016827030E-03
       1   0.0000000000000000E+00        6   3.1687500000000002E-01   3.6858915322729097E-01   3.7009950487469502E-02   2.3084956616559104E-03
       1   0.0000000000000000E+00        7   3.7924999999999998E-01   3.9522802703889182E-01   5.6845869444769014E-02   3.5457611066174676E-03
       1   0.0000000000000000E+00        8   4.4162499999999999E-01   1.8880502084156489E-01   3.6823141777988559E-02   2.2968434684020366E-03
       1   0.0000000000000000E+00        9   5.0400000000000000E-01   9.9602515005675171E-02   2.5300632451681588E-02   1.5781269491736392E-03
       1   0.0000000000000000E+00       10   5.6637499999999996E-01   7.3570334710605242E-02   2.3599939099463618E-02   1.4720462013290434E-03
       1   0.0000000000000000E+00       11   6.2875000000000003E-01   5.9976358653326199E-02   2.3710247697686579E-02   1.4789267001432006E-03
       1   0.0000000000000000E+00       12   6.9112499999999999E-01   3.7309261742160121E-02   1.7820909363831530E-02   1.1115792215689918E-03
       1   0.0000000000000000E+00       13   7.5349999999999995E-01   2.7134110115483324E-02   1.5405723410914569E-02   9.6093199775579632E-04
       1   0.0000000000000000E+00       14   8.1587500000000002E-01   2.1918462349242579E-02   1.4590068642173996E-02   9.1005553155560303E-04
       1   0.0000000000000000E+00       15   8.7824999999999998E-01   1.5706138525801286E-02   1.2114506867770282E-02   7.5564236587717139E-04
       1   0.0000000000000000E+00       16   9.4062500000000004E-01   1.1980187704346282E-02   1.0599775255873805E-02   6.6116098158512865E-04
       1   0.0000000000000000E+00       17   1.0029999999999999E+00   9.1153140429346708E-03   9.1700879650186626E-03   5.7198423681803913E-04
       1   0.0000000000000000E+00       18   1.0653750000000000E+00   5.3077831793619324E-03   6.0244607148333120E-03   3.7577573708772789E-04
       1   0.0000000000000000E+00       19   1.1277500000000000E+00   2.6853190512618782E-03   3.4152426436083226E-03   2.1302575989506914E-04
       1   0.0000000000000000E+00       20   1.1901250000000001E+00   1.5894395577179051E-03   2.2512782407877398E-03   1.4042348026913529E-04
       1   0.0000000000000000E+00       21   1.2524999999999999E+00   1.1181025572113198E-03   1.7540303747662403E-03   1.0940764462604425E-04
       1   0.0000000000000000E+00       22   1.3148750000000000E+00   8.5252035727818507E-04   1.4739192620675449E-03   9.1935713971463121E-05
       1   0.0000000000000000E+00       23   1.3772500000000001E+00   7.8082634590027086E-04   1.4810851261663339E-03   9.2382684744625094E-05
       1   0.0000000000000000E+00       24   1.4396249999999999E+00   5.4165861173717294E-04   1.1225983821682680E-03   7.0022074087745719E-05
       1   0.0000000000000000E+00       25   1.5020000000000000E+00   4.0400015105543580E-04   9.1142595678166734E-04   5.6850194054256509E-05
       1   0.0000000000000000E+00       26   1.5643750000000001E+00   5.0770966180450742E-04   1.2425021877313263E-03   7.7501073959741491E-05
       1   0.0000000000000000E+00       27   1.6267499999999999E+00   4.5835647439208821E-04   1.2129558713564158E-03   7.5658122475856442E-05
       1   0.0000000000000000E+00       28   1.6891250000000000E+00   3.3962533831572318E-04   9.6899974685111785E-04   6.0441359209838482E-05
       1   0.0000000000000000E+00       29   1.7515000000000001E+00   3.3224559122985376E-04   1.0192471600479643E-03   6.3575541607991773E-05
       1   0.0000000000000000E+00       30   1.8138749999999999E+00   3.1416935500282959E-04   1.0336619520012933E-03   6.4474664256080675E-05
       1   0.0000000000000000E+00       31   1.8762500000000000E+00   2.1156279432253059E-04   7.4476747995539955E-04   4.6454871562218053E-05
       1   0.0000000000000000E+00       32   1.9386250000000000E+00   1.6309329686398075E-04   6.1294813768677299E-04   3.8232640088212471E-05
       1   0.0000000000000000E+00       33   2.0009999999999999E+00   1.8844749242451534E-04   7.5454394811525177E-04   4.7064678763688832E-05
       1   0.0000000000000000E+00       34   2.0633750000000002E+00   1.5052632374374788E-04   6.4086829055953179E-04   3.9974159623650798E-05
       1   0.0000000000000000E+00       35   2.1257500000000000E+00   1.8273714205392465E-04   8.2575498451719286E-04   5.1506467159259909E-05
       1   0.0000000000000000E+00       36   2.1881249999999999E+00   2.4074366270722476E-04   1.1526544197445767E-03   7.1896819431567974E-05
       1   0.0000000000000000E+00       37   2.2505000000000002E+00   2.1160600959564490E-04   1.0717315900010450E-03   6.6849257926315190E-05
       1   0.0000000000000000E+00       38   2.3128750000000000E+00   2.3611452028741769E-04   1.2630688344554891E-03   7.8783918549161139E-05
       1   0.0000000000000000E+00       39   2.3752499999999999E+00   1.8982405446086808E-04   1.0709517351220096E-03   6.6800614478235355E-05
       1   0.0000000000000000E+00       40   2.4376250000000002E+00   1.2976580345326543E-04   7.7107043373757288E-04   4.8095518304381117E-05
 
       2   1.5751999999999999E+01        1   5.0000000000000001E-03   5.2199833129368798E+01   1.3049958282342201E-03   8.1399114786109489E-05
       2   1.5751999999999999E+01        2   6.7375000000000004E-02   3.9947286332005261E+00   1.8133633706969535E-02   1.1310854024722248E-03
       2   1.5751999999999999E+01        3   1.2975000000000000E-01   2.0457450221079685E+00   3.4440245306251532E-02   2.1482103009774394E-03
       2   1.5751999999999999E+01        4   1.9212499999999999E-01   1.0767294195022137E+00   3.9744253156562888E-02   2.4790477906406106E-03
       2   1.5751999999999999E+01        5   2.5450000000000000E-01   4.3358282499932327E-01   2.8083267970912418E-02   1.7516938396856623E-03
       2   1.5751999999999999E+01        6   3.1687500000000002E-01   3.3160483350508213E-01   3.3296363612362448E-02   2.0768606803211079E-03
       2   1.5751999999999999E+01        7   3.7924999999999998E-01   3.7701250131361375E-01   5.4225920133469045E-02   3.3823417683251319E-03
       2   1.5751999999999999E+01        8   4.4162499999999999E-01   1.9387521118426387E-01   3.7811994388996517E-02   2.3585231500136581E-03
       2   1.5751999999999999E+01        9   5.0400000000000000E-01   9.6768966417198954E-02   2.4580865773431212E-02   1.5332315026177720E-03
       2   1.5751999999999999E+01       10   5.6637499999999996E-01   6.4188379504262053E-02   2.0590389498057797E-02   1.2843255449413553E-03
       2   1.5751999999999999E+01       11   6.2875000000000003E-01   4.4667431260022136E-02   1.7658222055729596E-02   1.1014316007261337E-03
       2   1.5751999999999999E+01       12   6.9112499999999999E-01   2.1731551346402197E-02   1.0380157333482048E-02   6.4746231367594287E-04
       2   1.5751999999999999E+01       13   7.5349999999999995E-01   1.5062894040400813E-02   8.5521426118895551E-03   5.3343989541661111E-04
       2   1.5751999999999999E+01       14   8.1587500000000002E-01   1.5674647603163439E-02   1.0433860771257318E-02   6.5081206560717525E-04
       2   1.5751999999999999E+01       15   8.7824999999999998E-01   1.4604949030763871E-02   1.1265134014065195E-02   7.0266273412731661E-04
       2   1.5751999999999999E+01       16   9.4062500000000004E-01   1.2294128737478743E-02   1.0877542556096794E-02   6.7848671693653765E-04
       2   1.5751999999999999E+01       17   1.0029999999999999E+00   8.9899001935802719E-03   9.0439205038434934E-03   5.6411454142723800E-04
       2   1.5751999999999999E+01       18   1.0653750000000000E+00   4.5251481130728979E-03   5.1361512169543775E-03   3.2036743215752933E-04
       2   1.5751999999999999E+01       19   1.1277500000000000E+00   2.3036405027363951E-03   2.9298162081677335E-03   1.8274728598446241E-04
       2   1.5751999999999999E+01       20   1.1901250000000001E+00   1.8441490474602100E-03   2.6120481292648519E-03   1.6292650206289517E-04
       2   1.5751999999999999E+01       21   1.2524999999999999E+00   1.8538991310068380E-03   2.9083158486365454E-03   1.8140620105870455E-04
       2   1.5751999999999999E+01       22   1.3148750000000000E+00   1.4482485772258579E-03   2.5038715568625053E-03   1.5617898835929879E-04
       2   1.5751999999999999E+01       23   1.3772500000000001E+00   9.8994015849136318E-04   1.8777358784504514E-03   1.1712377541834692E-04
       2   1.5751999999999999E+01       24   1.4396249999999999E+00   5.6535521323500108E-04   1.1717100660368813E-03   7.3085415369050484E-05
       2   1.5751999999999999E+01       25   1.5020000000000000E+00   4.1637485012250165E-04   9.3934332737576412E-04   5.8591540045063290E-05
       2   1.5751999999999999E+01       26   1.5643750000000001E+00   5.2619852181192209E-04   1.2877494042728079E-03   8.0323369091516393E-05
       2   1.5751999999999999E+01       27   1.6267499999999999E+00   4.2612522615795702E-04   1.1276618175556337E-03   7.0337905870032660E-05
       2   1.5751999999999999E+01       28   1.6891250000000000E+00   3.2188491510700865E-04   9.1838377784383659E-04   5.7284188143009312E-05
       2   1.5751999999999999E+01       29   1.7515000000000001E+00   3.2531057808573752E-04   9.9797225787132213E-04   6.2248519584723720E-05
       2   1.5751999999999999E+01       30   1.8138749999999999E+00   3.3761398641497440E-04   1.1107981305735484E-03   6.9286033394525088E-05
       2   1.5751999999999999E+01       31   1.8762500000000000E+00   2.0007918779460152E-04   7.0434157840691409E-04   4.3933305953131273E-05
       2   1.5751999999999999E+01       32   1.9386250000000000E+00   1.5105775432984361E-04   5.6771535667001654E-04   3.5411245372292285E-05
       2   1.5751999999999999E+01       33   2.0009999999999999E+00   2.0095672135841364E-04   8.0463091327580955E-04   5.0188853215578628E-05
       2   1.5751999999999999E+01       34   2.0633750000000002E+00   1.5715096618423133E-04   6.6907281433192009E-04   4.1733416793953519E-05
       2   1.5751999999999999E+01       35   2.1257500000000000E+00   1.8026368878587762E-04   8.1457791158005865E-04   5.0809297234806166E-05
       2   1.5751999999999999E+01       36   2.1881249999999999E+00   2.0456773806809035E-04   9.7944803518293789E-04   6.1093071194535760E-05
       2   1.5751999999999999E+01       37   2.2505000000000002E+00   2.0949550456525907E-04   1.0610424091207721E-03   6.6182520268908166E-05
       2   1.5751999999999999E+01       38   2.3128750000000000E+00   2.2254976643592932E-04   1.1905056654643610E-03   7.4257790883339522E-05
       2   1.5751999999999999E+01       39   2.3752499999999999E+00   1.6421266853261873E-04   9.2645709624897667E-04   5.7787761378529926E-05
       2   1.5751999999999999E+01       40   2.4376250000000002E+00   1.4027999832041610E-04   8.3354594408676123E-04   5.1992428262411739E-05
 
       3   3.1503999999999998E+01        1   5.0000000000000001E-03   4.9364676049111949E+01   1.2341169012277987E-03   7.6978041714083950E-05
       3   3.1503999999999998E+01        2   6.7375000000000004E-02   3.7637997337847136E+00   1.7085357225919827E-02   1.0656991569667493E-03
       3   3.1503999999999998E+01        3   1.2975000000000000E-01   1.9202401248457475E+00   3.2327362516785967E-02   2.0164192369845251E-03
       3   3.1503999999999998E+01        4   1.9212499999999999E-01   1.0083213853683408E+00   3.7219174731737838E-02   2.3215460238921481E-03
       3   3.1503999999999998E+01        5   2.5450000000000000E-01   4.3304535034073088E-01   2.8048455602906724E-02   1.7495224182313071E-03
       3   3.1503999999999998E+01        6   3.1687500000000002E-01   3.8709504639207926E-01   3.8868122882827184E-02   2.4243991648163457E-03
       3   3.1503999999999998E+01        7   3.7924999999999998E-01   3.9237179939069389E-01   5.6435056615500655E-02   3.5201366563918537E-03
       3   3.1503999999999998E+01        8   4.4162499999999999E-01   1.6387485092294141E-01   3.1960944907529480E-02   1.9935639386071515E-03
       3   3.1503999999999998E+01        9   5.0400000000000000E-01   7.1568262862267543E-02   1.8179483859221753E-02   1.1339453057189570E-03
       3   3.1503999999999998E+01       10   5.6637499999999996E-01   5.7076631125140415E-02   1.8309078297039354E-02   1.1420287587778299E-03
       3   3.1503999999999998E+01       11   6.2875000000000003E-01   4.1187129895204400E-02   1.6282366480712143E-02   1.0156126092344200E-03
       3   3.1503999999999998E+01       12   6.9112499999999999E-01   3.4569227687173694E-02   1.6512121779526524E-02   1.0299435959979671E-03
       3   3.1503999999999998E+01       13   7.5349999999999995E-01   2.6515215080420467E-02   1.5054338173293453E-02   9.3901434355917921E-04
       3   3.1503999999999998E+01       14   8.1587500000000002E-01   1.4132260808323176E-02   9.4071678923985137E-03   5.8677209728835733E-04
       3   3.1503999999999998E+01       15   8.7824999999999998E-01   1.1209783822708807E-02   8.6463647880947129E-03   5.3931700365740780E-04
       3   3.1503999999999998E+01       16   9.4062500000000004E-01   1.0014205707962515E-02   8.8603227670616402E-03   5.5266263259546992E-04
       3   3.1503999999999998E+01       17   1.0029999999999999E+00   8.4428594902881925E-03   8.4935926329653324E-03   5.2978784048121272E-04
       3   3.1503999999999998E+01       18   1.0653750000000000E+00   4.4908560106038733E-03   5.0972288613922740E-03   3.1793965022934313E-04
       3   3.1503999999999998E+01       19   1.1277500000000000E+00   2.5391064267188523E-03   3.2292864943237222E-03   2.0142674508344220E-04
       3   3.1503999999999998E+01       20   1.1901250000000001E+00   2.4051840583103876E-03   3.4066967248116884E-03   2.1249270821012908E-04
       3   3.1503999999999998E+01       21   1.2524999999999999E+00   1.4267262577686755E-03   2.2381857339137203E-03   1.3960683515286832E-04
       3   3.1503999999999998E+01       22   1.3148750000000000E+00   1.2054389984907580E-03   2.0840789829294115E-03   1.2999442656022207E-04
       3   3.1503999999999998E+01       23   1.3772500000000001E+00   1.1940646664953623E-03   2.2649228301691087E-03   1.4127456153179818E-04
       3   3.1503999999999998E+01       24   1.4396249999999999E+00   5.3114980803631155E-04   1.1008186748443581E-03   6.8663564843416848E-05
       3   3.1503999999999998E+01       25   1.5020000000000000E+00   4.7137946516465594E-04   1.0634339589293243E-03   6.6331693188216611E-05
       3   3.1503999999999998E+01       26   1.5643750000000001E+00   5.3183896787081233E-04   1.3015530938520899E-03   8.1184374229024113E-05
       3   3.1503999999999998E+01       27   1.6267499999999999E+00   4.0331706956873802E-04   1.0673042378216465E-03   6.6573101834125213E-05
       3   3.1503999999999998E+01       28   1.6891250000000000E+00   3.2944170856700372E-04   9.3994439221394054E-04   5.8629031464344548E-05
       3   3.1503999999999998E+01       29   1.7515000000000001E+00   3.4946592338086193E-04   1.0720748727499668E-03   6.6870670187779189E-05
       3   3.1503999999999998E+01       30   1.8138749999999999E+00   3.6443655382158223E-04   1.1990481999762462E-03   7.4790631473518367E-05
       3   3.1503999999999998E+01       31   1.8762500000000000E+00   2.0825564822627522E-04   7.3312528704600984E-04   4.5728689779494868E-05
       3   3.1503999999999998E+01       32   1.9386250000000000E+00   1.7548356999415454E-04   6.5951409095770582E-04   4.1137191423486907E-05
       3   3.1503999999999998E+01       33   2.0009999999999999E+00   1.9295621656771514E-04   7.7259688409334797E-04   4.8190730645322583E-05
       3   3.1503999999999998E+01       34   2.0633750000000002E+00   1.6672228801166739E-04   7.0982287389217600E-04   4.4275201759024485E-05
       3   3.1503999999999998E+01       35   2.1257500000000000E+00   1.7414567912189845E-04   7.8693176959396835E-04   4.9084869128423778E-05
       3   3.1503999999999998E+01       36   2.1881249999999999E+00   2.2351791193748105E-04   1.0701794023967252E-03   6.6752440224495746E-05
       3   3.1503999999999998E+01       37   2.2505000000000002E+00   2.1899856130859209E-04   1.1091730181373321E-03   6.9184667006316099E-05
       3   3.1503999999999998E+01       38   2.3128750000000000E+00   2.2559311595525398E-04   1.2067857312796056E-03   7.5273259988565408E-05
       3   3.1503999999999998E+01       39   2.3752499999999999E+00   2.0873674511761607E-04   1.1776535908599268E-03   7.3456142729887950E-05
       3   3.1503999999999998E+01       40   2.4376250000000002E+00   1.3543354480474750E-04   8.0474824149509648E-04   5.0196171563256649E-05
 
       4   4.7255999999999993E+01        1   5.0000000000000001E-03   5.0936634676861324E+01   1.2734158669215332E-03   7.9429314699230638E-05
       4   4.7255999999999993E+01        2   6.7375000000000004E-02   3.8754631415064460E+00   1.7592241052087412E-02   1.0973160356239524E-03
       4   4.7255999999999993E+01        3   1.2975000000000000E-01   2.0116746041210050E+00   3.3866667690039876E-02   2.1124333971662373E-03
       4   4.7255999999999993E+01        4   1.9212499999999999E-01   1.0245509356315865E+00   3.7818240144641482E-02   2.3589127290220128E-03
       4   4.7255999999999993E+01        5   2.5450000000000000E-01   4.1325508894974428E-01   2.6766635425047175E-02   1.6695688846373178E-03
       4   4.7255999999999993E+01        6   3.1687500000000002E-01   3.4833550299380922E-01   3.4976286214474871E-02   2.1816458526278705E-03
       4   4.7255999999999993E+01        7   3.7924999999999998E-01   3.6487939589717067E-01   5.2480808756550243E-02   3.2734904461898216E-03
       4   4.7255999999999993E+01        8   4.4162499999999999E-01   1.5808428716828021E-01   3.0831595967750494E-02   1.9231207984884372E-03
       4   4.7255999999999993E+01        9   5.0400000000000000E-01   7.5660955541701783E-02   1.9219093282880923E-02   1.1987909435196976E-03
       4   4.7255999999999993E+01       10   5.6637499999999996E-01   6.4084100792271628E-02   2.0556938906021959E-02   1.2822390642631199E-03
       4   4.7255999999999993E+01       11   6.2875000000000003E-01   5.2040348463241091E-02   2.0572932069275261E-02   1.2832366378210446E-03
       4   4.7255999999999993E+01       12   6.9112499999999999E-01   2.7875794229696035E-02   1.3314978083601957E-02   8.3052175796467212E-04
       4   4.7255999999999993E+01       13   7.5349999999999995E-01   1.9799856705558030E-02   1.1241611192825213E-02   7.0119549815247267E-04
       4   4.7255999999999993E+01       14   8.1587500000000002E-01   1.8957542903866115E-02   1.2619126645255895E-02   7.8711802449783655E-04
       4   4.7255999999999993E+01       15   8.7824999999999998E-01   1.1959927343750681E-02   9.2249677860592651E-03   5.7540736565544668E-04
       4   4.7255999999999993E+01       16   9.4062500000000004E-01   9.5041058587801135E-03   8.4089989737435276E-03   5.2451131098725263E-04
       4   4.7255999999999993E+01       17   1.0029999999999999E+00   8.0871030566392645E-03   8.1356984589066074E-03   5.0746419137429966E-04
       4   4.7255999999999993E+01       18   1.0653750000000000E+00   4.4084507482534691E-03   5.0036969199113443E-03   3.1210559537947014E-04
       4   4.7255999999999993E+01       19   1.1277500000000000E+00   3.0638340779646526E-03   3.8966456485266345E-03   2.4305327232684886E-04
       4   4.7255999999999993E+01       20   1.1901250000000001E+00   2.2063522952138208E-03   3.1250719095343728E-03   1.9492636035720653E-04
       4   4.7255999999999993E+01       21   1.2524999999999999E+00   1.2744254991958297E-03   1.9992629670228276E-03   1.2470402756804889E-04
       4   4.7255999999999993E+01       22   1.3148750000000000E+00   1.1710586842445330E-03   2.0246389860180992E-03   1.2628685675287896E-04
       4   4.7255999999999993E+01       23   1.3772500000000001E+00   1.2482577590242291E-03   2.3677172398440510E-03   1.4768636283527269E-04
       4   4.7255999999999993E+01       24   1.4396249999999999E+00   5.6705603076194456E-04   1.1752350446169997E-03   7.3305285907985360E-05
       4   4.7255999999999993E+01       25   1.5020000000000000E+00   4.4426239329914104E-04   1.0022577363324352E-03   6.2515826303735661E-05
       4   4.7255999999999993E+01       26   1.5643750000000001E+00   5.5815282548166384E-04   1.3659501855539271E-03   8.5201142823926215E-05
       4   4.7255999999999993E+01       27   1.6267499999999999E+00   4.3863845366630286E-04   1.1607757662480723E-03   7.2403388419723513E-05
       4   4.7255999999999993E+01       28   1.6891250000000000E+00   3.1005782364616833E-04   8.8463939149040910E-04   5.5179382044214273E-05
       4   4.7255999999999993E+01       29   1.7515000000000001E+00   3.8548653305913735E-04   1.1825771791368681E-03   7.3763251548662154E-05
       4   4.7255999999999993E+01       30   1.8138749999999999E+00   3.5260751905336713E-04   1.1601289897665353E-03   7.2363045736687642E-05
       4   4.7255999999999993E+01       31   1.8762500000000000E+00   2.1243387113176795E-04   7.4783394389647546E-04   4.6646142250542665E-05
       4   4.7255999999999993E+01       32   1.9386250000000000E+00   1.6701102656252573E-04   6.2767201149923290E-04   3.9151041717264658E-05
       4   4.7255999999999993E+01       33   2.0009999999999999E+00   2.0701077680954557E-04   8.2887135735619727E-04   5.1700850915092812E-05
       4   4.7255999999999993E+01       34   2.0633750000000002E+00   1.4898562790144828E-04   6.3430875275797345E-04   3.9565008453278596E-05
       4   4.7255999999999993E+01       35   2.1257500000000000E+00   1.9676650130931252E-04   8.8915103637894491E-04   5.5460795894136696E-05
       4   4.7255999999999993E+01       36   2.1881249999999999E+00   2.5182867505791641E-04   1.2057282507865453E-03   7.5207299642810767E-05
       4   4.7255999999999993E+01       37   2.2505000000000002E+00   2.1606055242727733E-04   1.0942927369211911E-03   6.8256509465459300E-05
       4   4.7255999999999993E+01       38   2.3128750000000000E+00   2.1490626219447902E-04   1.1496175744581312E-03   7.1707396206825943E-05
       4   4.7255999999999993E+01       39   2.3752499999999999E+00   1.7652955474022666E-04   9.9594665958594201E-04   6.2122172891673145E-05
       4   4.7255999999999993E+01       40   2.4376250000000002E+00   1.6722454729323045E-04   9.9365087551281047E-04   6.1978973360111555E-05
 
       5   6.3007999999999996E+01        1   5.0000000000000001E-03   5.3534078370074980E+01   1.3383519592518745E-03   8.3479703458335682E-05
       5   6.3007999999999996E+01        2   6.7375000000000004E-02   4.0773520150707014E+00   1.8508693512036802E-02   1.1544797578132955E-03
       5   6.3007999999999996E+01        3   1.2975000000000000E-01   2.0873656219080723E+00   3.5140930705173767E-02   2.1919155527352139E-03
       5   6.3007999999999996E+01        4   1.9212499999999999E-01   1.0704064642542386E+00   3.9510860133653451E-02   2.4644899008366343E-03
       5   6.3007999999999996E+01        5   2.5450000000000000E-01   3.9817417556932699E-01   2.5789840895169201E-02   1.6086413258361791E-03
       5   6.3007999999999996E+01        6   3.1687500000000002E-01   3.0724573811841649E-01   3.0850472553750331E-02   1.9242982255401771E-03
       5   6.3007999999999996E+01        7   3.7924999999999998E-01   3.6442719036353594E-01   5.2415767780281945E-02   3.2694335152950865E-03
       5   6.3007999999999996E+01        8   4.4162499999999999E-01   1.7401143417985326E-01   3.3937909507040162E-02   2.1168771055016305E-03
       5   6.3007999999999996E+01        9   5.0400000000000000E-01   9.0409796652499791E-02   2.2965534906481389E-02   1.4324752397917768E-03
       5   6.3007999999999996E+01       10   5.6637499999999996E-01   5.1858003459061650E-02   1.6635043571131259E-02   1.0376108427493124E-03
       5   6.3007999999999996E+01       11   6.2875000000000003E-01   4.9319710801996201E-02   1.9497391734847280E-02   1.2161498094610992E-03
       5   6.3007999999999996E+01       12   6.9112499999999999E-01   2.7005307707207386E-02   1.2899186918209442E-02   8.0458678402331408E-04
       5   6.3007999999999996E+01       13   7.5349999999999995E-01   2.3472006461836191E-02   1.3326519200786653E-02   8.3124163514906760E-04
       5   6.3007999999999996E+01       14   8.1587500000000002E-01   1.8773594570328105E-02   1.2496681066265459E-02   7.7948048150830809E-04
       5   6.3007999999999996E+01       15   8.7824999999999998E-01   9.9729792997750519E-03   7.6923889357515983E-03   4.7981275986750597E-04
       5   6.3007999999999996E+01       16   9.4062500000000004E-01   1.2790774109019045E-02   1.1316962158703463E-02   7.0589551464912866E-04
       5   6.3007999999999996E+01       17   1.0029999999999999E+00   6.0112198489475303E-03   6.0473412690198545E-03   3.7720291165511347E-04
       5   6.3007999999999996E+01       18   1.0653750000000000E+00   5.2159721151901692E-03   5.9202529635746558E-03   3.6927577860296917E-04
       5   6.3007999999999996E+01       19   1.1277500000000000E+00   2.8600694463024314E-03   3.6374937019506988E-03   2.2688866965917486E-04
       5   6.3007999999999996E+01       20   1.1901250000000001E+00   1.4256487923086894E-03   2.0192854075798093E-03   1.2595292729779061E-04
       5   6.3007999999999996E+01       21   1.2524999999999999E+00   1.8191357281532651E-03   2.8537805431387351E-03   1.7800456137827863E-04
       5   6.3007999999999996E+01       22   1.3148750000000000E+00   1.4895114247778349E-03   2.5752107399041719E-03   1.6062876990152275E-04
       5   6.3007999999999996E+01       23   1.3772500000000001E+00   9.1970938844375492E-04   1.7445209203962491E-03   1.0881449240971605E-04
       5   6.3007999999999996E+01       24   1.4396249999999999E+00   5.9401100425057426E-04   1.2310997700621976E-03   7.6789848157629592E-05
       5   6.3007999999999996E+01       25   1.5020000000000000E+00   4.5184235234632734E-04   1.0193581542627238E-03   6.3582464872137409E-05
       5   6.3007999999999996E+01       26   1.5643750000000001E+00   4.7100680495254055E-04   1.1526804187847310E-03   7.1898441121697596E-05
       5   6.3007999999999996E+01       27   1.6267499999999999E+00   4.4098182509100920E-04   1.1669770665179906E-03   7.2790194524059674E-05
       5   6.3007999999999996E+01       28   1.6891250000000000E+00   4.1234003810211117E-04   1.1764652028585943E-03   7.3382017028304829E-05
       5   6.3007999999999996E+01       29   1.7515000000000001E+00   3.5945231473035236E-04   1.1027106472817467E-03   6.8781576624198955E-05
       5   6.3007999999999996E+01       30   1.8138749999999999E+00   3.0755113761091310E-04   1.0118870735825001E-03   6.3116456214708450E-05
       5   6.3007999999999996E+01       31   1.8762500000000000E+00   2.1945602766205855E-04   7.7255414027913364E-04   4.8188064499910967E-05
       5   6.3007999999999996E+01       32   1.9386250000000000E+00   1.7507419131433064E-04   6.5797553661959586E-04   4.1041224096647294E-05
       5   6.3007999999999996E+01       33   2.0009999999999999E+00   1.9873787755581826E-04   7.9574666047137383E-04   4.9634697946901946E-05
       5   6.3007999999999996E+01       34   2.0633750000000002E+00   1.3620904115927603E-04   5.7991222528693302E-04   3.6172025052272450E-05
       5   6.3007999999999996E+01       35   2.1257500000000000E+00   1.6622233379389663E-04   7.5112765322709533E-04   4.6851587370040073E-05
       5   6.3007999999999996E+01       36   2.1881249999999999E+00   2.5414910819187913E-04   1.2168382317410040E-03   7.5900284704845137E-05
       5   6.3007999999999996E+01       37   2.2505000000000002E+00   2.1394256051679021E-04   1.0835656368630535E-03   6.7587406599332967E-05
       5   6.3007999999999996E+01       38   2.3128750000000000E+00   2.4444001065881293E-04   1.3076051357675306E-03   8.1561870343499731E-05
       5   6.3007999999999996E+01       39   2.3752499999999999E+00   1.8176560710493137E-04   1.0254874855950410E-03   6.3964781913990694E-05
       5   6.3007999999999996E+01       40   2.4376250000000002E+00   1.6930625321824589E-04   1.0060204046784338E-03   6.2750522741817315E-05
 
       6   7.8759999999999991E+01        1   5.0000000000000001E-03   5.3682256409094101E+01   1.3420564102273526E-03   8.3710768587931129E-05
       6   7.8759999999999991E+01        2   6.7375000000000004E-02   4.0606873438841067E+00   1.8433046059883666E-02   1.1497612479852437E-03
       6   7.8759999999999991E+01        3   1.2975000000000000E-01   2.0668474999253030E+00   3.4795506839211225E-02   2.1703697390958003E-03
       6   7.8759999999999991E+01        4   1.9212499999999999E-01   1.0744372552068047E+00   3.9659644752275680E-02   2.4737703414231958E-03
       6   7.8759999999999991E+01        5   2.5450000000000000E-01   4.2806611228333247E-01   2.7725949109119515E-02   1.7294060756813299E-03
       6   7.8759999999999991E+01        6   3.1687500000000002E-01   3.3518021769128670E-01   3.3655367100518578E-02   2.0992535228948465E-03
       6   7.8759999999999991E+01        7   3.7924999999999998E-01   4.0490339410458892E-01   5.8237482932222202E-02   3.6325629978973604E-03
       6   7.8759999999999991E+01        8   4.4162499999999999E-01   1.8221019335818539E-01   3.5536935159438732E-02   2.2166163305699913E-03
       6   7.8759999999999991E+01        9   5.0400000000000000E-01   8.8073454984474456E-02   2.2372066741336266E-02   1.3954576629908498E-03
       6   7.8759999999999991E+01       10   5.6637499999999996E-01   5.5877691613974552E-02   1.7924481712576944E-02   1.1180395468219871E-03
       6   7.8759999999999991E+01       11   6.2875000000000003E-01   4.6374933822644501E-02   1.8333243174271038E-02   1.1435360429951562E-03
       6   7.8759999999999991E+01       12   6.9112499999999999E-01   2.8520479512487724E-02   1.3622914436570426E-02   8.4972928798108041E-04
       6   7.8759999999999991E+01       13   7.5349999999999995E-01   2.2408880289476418E-02   1.2722916293133780E-02   7.9359190378421962E-04
       6   7.8759999999999991E+01       14   8.1587500000000002E-01   1.9694459560217117E-02   1.3109656702903575E-02   8.1771483684361056E-04
       6   7.8759999999999991E+01       15   8.7824999999999998E-01   1.0627120604204884E-02   8.1969432099921608E-03   5.1128433272326103E-04
       6   7.8759999999999991E+01       16   9.4062500000000004E-01   1.2355283974371557E-02   1.0931651204707399E-02   6.8186174389362408E-04
       6   7.8759999999999991E+01       17   1.0029999999999999E+00   6.0234883855128591E-03   6.0596835272214043E-03   3.7797276001043514E-04
       6   7.8759999999999991E+01       18   1.0653750000000000E+00   3.9499098451805841E-03   4.4832420400948573E-03   2.7964222225091676E-04
       6   7.8759999999999991E+01       19   1.1277500000000000E+00   3.1151671091508761E-03   3.9619320274582115E-03   2.4712551021270596E-04
       6   7.8759999999999991E+01       20   1.1901250000000001E+00   2.5023745563402802E-03   3.5443571047635847E-03   2.2107927440962862E-04
       6   7.8759999999999991E+01       21   1.2524999999999999E+00   1.6717458836941318E-03   2.6225618034569423E-03   1.6358229249062680E-04
       6   7.8759999999999991E+01       22   1.3148750000000000E+00   1.2391871995831058E-03   2.1424261217695331E-03   1.3363382934537463E-04
       6   7.8759999999999991E+01       23   1.3772500000000001E+00   1.2089570430713174E-03   2.2931709516057440E-03   1.4303653810640831E-04
       6   7.8759999999999991E+01       24   1.4396249999999999E+00   6.3141788198562711E-04   1.3086262775659915E-03   8.1625564063178725E-05
       6   7.8759999999999991E+01       25   1.5020000000000000E+00   4.1138437286115806E-04   9.2808479071226403E-04   5.7889288820677479E-05
       6   7.8759999999999991E+01       26   1.5643750000000001E+00   5.2475565748040390E-04   1.2842183269201749E-03   8.0103118141645923E-05
       6   7.8759999999999991E+01       27   1.6267499999999999E+00   4.3946758391436171E-04   1.1629699065268499E-03   7.2540247919612269E-05
       6   7.8759999999999991E+01       28   1.6891250000000000E+00   3.5048498211370739E-04   9.9998386642042290E-04   6.2373993667973879E-05
       6   7.8759999999999991E+01       29   1.7515000000000001E+00   3.3313910951926674E-04   1.0219882527907271E-03   6.3746517267821603E-05
       6   7.8759999999999991E+01       30   1.8138749999999999E+00   3.5916666001692540E-04   1.1817094983167158E-03   7.3709129957505161E-05
       6   7.8759999999999991E+01       31   1.8762500000000000E+00   2.0049100909870894E-04   7.0579131873500052E-04   4.4023733506095661E-05
       6   7.8759999999999991E+01       32   1.9386250000000000E+00   1.6403985046385808E-04   6.1650553874139388E-04   3.8454532978994450E-05
       6   7.8759999999999991E+01       33   2.0009999999999999E+00   1.9493064796535388E-04   7.8050250938392488E-04   4.8683844022822317E-05
       6   7.8759999999999991E+01       34   2.0633750000000002E+00   1.4404945800395718E-04   6.1329292851249539E-04   3.8254146415966906E-05
       6   7.8759999999999991E+01       35   2.1257500000000000E+00   1.9597451046891190E-04   8.8557217782396220E-04   5.5237564591769651E-05
       6   7.8759999999999991E+01       36   2.1881249999999999E+00   2.1001147858702447E-04   1.0055120715049364E-03   6.2718815460120414E-05
       6   7.8759999999999991E+01       37   2.2505000000000002E+00   2.5023510431448139E-04   1.2673783071355457E-03   7.9052721907579669E-05
       6   7.8759999999999991E+01       38   2.3128750000000000E+00   2.2264095988759792E-04   1.1909934948726025E-03   7.4288219242678595E-05
       6   7.8759999999999991E+01       39   2.3752499999999999E+00   1.5279616697746570E-04   8.6204733435531352E-04   5.3770202480412687E-05
       6   7.8759999999999991E+01       40   2.4376250000000002E+00   1.7666829102981889E-04   1.0497657485016734E-03   6.5479138562791884E-05
 
       7   9.4511999999999986E+01        1   5.0000000000000001E-03   5.0924050396237867E+01   1.2731012599059468E-03   7.9409691086633447E-05
       7   9.4511999999999986E+01        2   6.7375000000000004E-02   3.8840248389505190E+00   1.7631105941199123E-02   1.0997402330822955E-03
       7   9.4511999999999986E+01        3   1.2975000000000000E-01   2.0155271355870021E+00   3.3931525298053156E-02   2.1164788904660657E-03
       7   9.4511999999999986E+01        4   1.9212499999999999E-01   1.0426347263298112E+00   3.8485749309453587E-02   2.4005486131771676E-03
       7   9.4511999999999986E+01        5   2.5450000000000000E-01   3.7742404671038626E-01   2.4445849861443398E-02   1.5248098851075322E-03
       7   9.4511999999999986E+01        6   3.1687500000000002E-01   3.4995019008080969E-01   3.5138416566438305E-02   2.1917587333315897E-03
       7   9.4511999999999986E+01        7   3.7924999999999998E-01   3.9082489709847856E-01   5.6212564788678782E-02   3.5062587286938396E-03
       7   9.4511999999999986E+01        8   4.4162499999999999E-01   1.7551065186146722E-01   3.4230305890357027E-02   2.1351153299110199E-03
       7   9.4511999999999986E+01        9   5.0400000000000000E-01   7.8062895887117442E-02   1.9829224561662025E-02   1.2368478820336689E-03
       7   9.4511999999999986E+01       10   5.6637499999999996E-01   5.4338662577901591E-02   1.7430790992444982E-02   1.0872455881537559E-03
       7   9.4511999999999986E+01       11   6.2875000000000003E-01   4.9015448377841227E-02   1.9377108716608176E-02   1.2086471561984350E-03
       7   9.4511999999999986E+01       12   6.9112499999999999E-01   2.7128571371101379E-02   1.2958064271433143E-02   8.0825925893064242E-04
       7   9.4511999999999986E+01       13   7.5349999999999995E-01   2.4885422892362955E-02   1.4129003693569496E-02   8.8129660538639742E-04
       7   9.4511999999999986E+01       14   8.1587500000000002E-01   1.9855146804425898E-02   1.3216618490896377E-02   8.2438657836966160E-04
       7   9.4511999999999986E+01       15   8.7824999999999998E-01   1.0507569515250895E-02   8.1047306979349608E-03   5.0553257728369323E-04
       7   9.4511999999999986E+01       16   9.4062500000000004E-01   9.8299615499383673E-03   8.6973080701754496E-03   5.4249459087719377E-04
       7   9.4511999999999986E+01       17   1.0029999999999999E+00   9.5920849675868395E-03   9.6497238061570654E-03   6.0190152240904697E-04
       7   9.4511999999999986E+01       18   1.0653750000000000E+00   5.2715478620629554E-03   5.9833327640145956E-03   3.7321038115541042E-04
       7   9.4511999999999986E+01       19   1.1277500000000000E+00   2.7478396025729197E-03   3.4947575350842658E-03   2.1798550125088110E-04
       7   9.4511999999999986E+01       20   1.1901250000000001E+00   2.2904492758705347E-03   3.2441866640081059E-03   2.0235614316750563E-04
       7   9.4511999999999986E+01       21   1.2524999999999999E+00   1.6804087529544945E-03   2.6361517337520689E-03   1.6442996439278531E-04
       7   9.4511999999999986E+01       22   1.3148750000000000E+00   1.3504021089417338E-03   2.3347051632414879E-03   1.4562723455718783E-04
       7   9.4511999999999986E+01       23   1.3772500000000001E+00   9.5087675294747967E-04   1.8036397247637535E-03   1.1250202783213913E-04
       7   9.4511999999999986E+01       24   1.4396249999999999E+00   7.0725437084780064E-04   1.4657989281271298E-03   9.1429208141929726E-05
       7   9.4511999999999986E+01       25   1.5020000000000000E+00   4.3716602463906868E-04   9.8624830024983748E-04   6.1517237728083625E-05
       7   9.4511999999999986E+01       26   1.5643750000000001E+00   5.1585351469771374E-04   1.2624323876026598E-03   7.8744220176715907E-05
       7   9.4511999999999986E+01       27   1.6267499999999999E+00   4.3425869612972475E-04   1.1491855457190490E-03   7.1680448414225691E-05
       7   9.4511999999999986E+01       28   1.6891250000000000E+00   3.3225885033572858E-04   9.4798210127968873E-04   5.9130383567320590E-05
       7   9.4511999999999986E+01       29   1.7515000000000001E+00   3.5200164374171353E-04   1.0798538345923403E-03   6.7355882932697232E-05
       7   9.4511999999999986E+01       30   1.8138749999999999E+00   3.4518642719375556E-04   1.1357125399268687E-03   7.0840069677938447E-05
       7   9.4511999999999986E+01       31   1.8762500000000000E+00   1.7936005826696993E-04   6.3140373536803361E-04   3.9383807993581099E-05
       7   9.4511999999999986E+01       32   1.9386250000000000E+00   1.8261042262371170E-04   6.8629870522973421E-04   4.2807881738704679E-05
       7   9.4511999999999986E+01       33   2.0009999999999999E+00   1.9744110467560127E-04   7.9055438056221212E-04   4.9310829487567989E-05
       7   9.4511999999999986E+01       34   2.0633750000000002E+00   1.2915840810177854E-04   5.4989403948035496E-04   3.4299640712587143E-05
       7   9.4511999999999986E+01       35   2.1257500000000000E+00   1.7006291283888444E-04   7.6848251198315001E-04   4.7934096684948986E-05
       7   9.4511999999999986E+01       36   2.1881249999999999E+00   2.5629009510432876E-04   1.2270890437436923E-03   7.6539679103512811E-05
       7   9.4511999999999986E+01       37   2.2505000000000002E+00   2.3263426943188951E-04   1.1782344742637299E-03   7.3492375332200155E-05
       7   9.4511999999999986E+01       38   2.3128750000000000E+00   2.0311776349960702E-04   1.0865562883992006E-03   6.7773948488900149E-05
       7   9.4511999999999986E+01       39   2.3752499999999999E+00   1.5704983897833039E-04   8.8604575448654650E-04   5.5267103936098346E-05
       7   9.4511999999999986E+01       40   2.4376250000000002E+00   1.2902917896773626E-04   7.6669339952329123E-04   4.7822500795265294E-05
 
       8   1.1026400000000000E+02        1   5.0000000000000001E-03   5.3512472620377920E+01   1.3378118155094481E-03   8.3446011992401836E-05
       8   1.1026400000000000E+02        2   6.7375000000000004E-02   4.1027926813422750E+00   1.8624178634003737E-02   1.1616831422959831E-03
       8   1.1026400000000000E+02        3   1.2975000000000000E-01   2.1460428249758783E+00   3.6128765086145473E-02   2.2535317222483241E-03
       8   1.1026400000000000E+02        4   1.9212499999999999E-01   1.1295803984852020E+00   4.1695089318579494E-02   2.6007311962463961E-03
       8   1.1026400000000000E+02        5   2.5450000000000000E-01   4.3513045067273037E-01   2.8183508072685416E-02   1.7579463160337530E-03
       8   1.1026400000000000E+02        6   3.1687500000000002E-01   3.5749207123433713E-01   3.5895695085435601E-02   2.2389939809540457E-03
       8   1.1026400000000000E+02        7   3.7924999999999998E-01   3.8193074898085733E-01   5.4933314461963006E-02   3.4264654895649429E-03
       8   1.1026400000000000E+02        8   4.4162499999999999E-01   1.9037954229947598E-01   3.7130224855645690E-02   2.3159977753709001E-03
       8   1.1026400000000000E+02        9   5.0400000000000000E-01   8.3382163468103176E-02   2.1180403635513698E-02   1.3211276767651670E-03
       8   1.1026400000000000E+02       10   5.6637499999999996E-01   5.4033943172664432E-02   1.7333042906422139E-02   1.0811485512880810E-03
       8   1.1026400000000000E+02       11   6.2875000000000003E-01   4.7101503460597695E-02   1.8620475451659943E-02   1.1614521562972890E-03
       8   1.1026400000000000E+02       12   6.9112499999999999E-01   2.7778484932991961E-02   1.3268497931600936E-02   8.2762255848360851E-04
       8   1.1026400000000000E+02       13   7.5349999999999995E-01   2.1818008916180846E-02   1.2387441832770896E-02   7.7266668431908477E-04
       8   1.1026400000000000E+02       14   8.1587500000000002E-01   1.9561880881020777E-02   1.3021405437867631E-02   8.1221016418699360E-04
       8   1.1026400000000000E+02       15   8.7824999999999998E-01   1.4923187313738127E-02   1.1510598541093639E-02   7.1797358400071585E-04
       8   1.1026400000000000E+02       16   9.4062500000000004E-01   1.1034750144762594E-02   9.7632753697815995E-03   6.0898430119012733E-04
       8   1.1026400000000000E+02       17   1.0029999999999999E+00   7.7799395519659370E-03   7.8266892087336982E-03   4.8818973939476447E-04
       8   1.1026400000000000E+02       18   1.0653750000000000E+00   5.3659148159015705E-03   6.0904415111069305E-03   3.7989128925529483E-04
       8   1.1026400000000000E+02       19   1.1277500000000000E+00   3.4403644102614745E-03   4.3755244792815246E-03   2.7292333939518514E-04
       8   1.1026400000000000E+02       20   1.1901250000000001E+00   1.8129473631175879E-03   2.5678541410786467E-03   1.6016990204978059E-04
       8   1.1026400000000000E+02       21   1.2524999999999999E+00   1.4001599837555813E-03   2.1965097255164665E-03   1.3700729412908960E-04
       8   1.1026400000000000E+02       22   1.3148750000000000E+00   1.5202357149639656E-03   2.6283298504709519E-03   1.6394207442312563E-04
       8   1.1026400000000000E+02       23   1.3772500000000001E+00   1.2247948379818028E-03   2.3232123591432263E-03   1.4491037090155875E-04
       8   1.1026400000000000E+02       24   1.4396249999999999E+00   5.3064657416545505E-04   1.0997757125115633E-03   6.8598510067908764E-05
       8   1.1026400000000000E+02       25   1.5020000000000000E+00   3.8019931343844345E-04   8.5773117191438218E-04   5.3500981848159592E-05
       8   1.1026400000000000E+02       26   1.5643750000000001E+00   5.4051108408429023E-04   1.3227760962452480E-03   8.2508159003297349E-05
       8   1.1026400000000000E+02       27   1.6267499999999999E+00   4.7186941735318682E-04   1.2487153826095457E-03   7.7888621990270416E-05
       8   1.1026400000000000E+02       28   1.6891250000000000E+00   3.6566637588947352E-04   1.0432985578345513E-03   6.5075747544930142E-05
       8   1.1026400000000000E+02       29   1.7515000000000001E+00   3.2860923461363413E-04   1.0080917188567541E-03   6.2879720963690040E-05
       8   1.1026400000000000E+02       30   1.8138749999999999E+00   3.1874960643685956E-04   1.0487316319766477E-03   6.5414635544543405E-05
       8   1.1026400000000000E+02       31   1.8762500000000000E+00   1.7032757437160107E-04   5.9960655529186179E-04   3.7400458886329883E-05
       8   1.1026400000000000E+02       32   1.9386250000000000E+00   1.2752622096432904E-04   4.7927757393676564E-04   2.9894938674305760E-05
       8   1.1026400000000000E+02       33   2.0009999999999999E+00   1.8344984240695010E-04   7.3453335244727058E-04   4.5816517858898507E-05
       8   1.1026400000000000E+02       34   2.0633750000000002E+00   1.6705041959412921E-04   7.1121989948278884E-04   4.4362341230238957E-05
       8   1.1026400000000000E+02       35   2.1257500000000000E+00   2.2861485659046162E-04   1.0330678002425423E-03   6.4437604040128578E-05
       8   1.1026400000000000E+02       36   2.1881249999999999E+00   3.0279925585175382E-04   1.4497698366305477E-03   9.0429393559830420E-05
       8   1.1026400000000000E+02       37   2.2505000000000002E+00   2.8451334596130129E-04   1.4409890400858374E-03   8.9881691375354118E-05
       8   1.1026400000000000E+02       38   2.3128750000000000E+00   2.7486114130309428E-04   1.4703396511159209E-03   9.1712435738355573E-05
       8   1.1026400000000000E+02       39   2.3752499999999999E+00   2.1153991288870894E-04   1.1934685380056737E-03   7.4442600058103903E-05
       8   1.1026400000000000E+02       40   2.4376250000000002E+00   1.4670937626896111E-04   8.7174940841650516E-04   5.4375369349979516E-05
 
