# itau tau weighted_probability_total weighted_delta_from_first max_k_index max_k max_k_weighted_probability
# mature_reference=sum_mom uses |mom|^2*k^2*sin(theta)*dk*dtheta*dphi
# dk_dtheta_dphi   6.2375000000000007E-02   1.5707963267948966E-01   6.2831853071795862E+00
       1   0.0000000000000000E+00   2.7108997253968592E-02   6.9388939039072284E-18        7   3.7924999999999998E-01   3.5457611066174680E-03
       2   1.5751999999999999E+01   2.5230425809794670E-02  -1.8785714441739154E-03        7   3.7924999999999998E-01   3.3823417683251328E-03
       3   3.1503999999999998E+01   2.4826406183151462E-02  -2.2825910708171235E-03        7   3.7924999999999998E-01   3.5201366563918529E-03
       4   4.7255999999999993E+01   2.4601692241492584E-02  -2.5073050124760007E-03        7   3.7924999999999998E-01   3.2734904461898221E-03
       5   6.3007999999999996E+01   2.4711629728932628E-02  -2.3973675250359566E-03        7   3.7924999999999998E-01   3.2694335152950870E-03
       6   7.8759999999999991E+01   2.5484689588003227E-02  -1.6243076659653577E-03        7   3.7924999999999998E-01   3.6325629978973600E-03
       7   9.4511999999999986E+01   2.5002172431766827E-02  -2.1068248222017583E-03        7   3.7924999999999998E-01   3.5062587286938396E-03
       8   1.1026400000000000E+02   2.5987635048520939E-02  -1.1213622054476458E-03        7   3.7924999999999998E-01   3.4264654895649425E-03
