# ialpha itau tau krylov_substeps krylov_halvings krylov_last_error krylov_max_h mask_norm_before mask_norm_inside mask_norm_outside mask_overlap_real field_max_abs_e_nir field_max_abs_e_xuv field_max_abs_e_total field_max_abs_a field_consistency_error field_a2_phase initial_energy initial_residual_norm timing_initialize_seconds timing_propagate_seconds timing_mask_seconds timing_project_seconds timing_total_seconds timing_synthesis_seconds
       1        1   0.0000000000000000E+00     2500        0   0.0000000000000000E+00   4.6507140817776200E+00   9.7607597174062577E-01   0.0000000000000000E+00   4.2051361344805076E-02   5.6221499004857595E-02   1.8033290529372841E-02   2.6087524807320378E-02   2.6129844056631605E-02   3.0378460009480490E-01   5.5435257079183842E-16   2.9588528490423083E+00  -4.9088795173704514E-01   2.7483116486493833E-02   1.7329999999999999E-03   7.3916299999999957E-01   6.3999999999999997E-05   9.5670000000000009E-03   7.5098299999999996E-01   1.2000000000000000E-05
 
       1        2   8.6822047244094480E-01     2500        0   0.0000000000000000E+00   4.6538518089828118E+00   9.7577961367779542E-01   0.0000000000000000E+00   4.5155352947124382E-02   5.5827716284933451E-02   1.8033290529372841E-02   2.6087786764713961E-02   2.6157214960936866E-02   3.0378460009480490E-01   5.5435257079183842E-16   2.9588516336451112E+00  -4.9088795173704514E-01   2.7483116486493833E-02   7.1000000000000005E-05   7.3721399999999848E-01   5.4999999999999995E-05   2.1717000000000000E-02   7.5941899999999996E-01   1.2000000000000000E-05
 
       1        3   1.7364409448818896E+00     2500        0   0.0000000000000000E+00   4.6532337462088451E+00   9.7624810352600355E-01   0.0000000000000000E+00   4.8621575592071115E-02   5.5096779047663025E-02   1.8033290529372841E-02   2.6086691375196643E-02   2.6178156697388710E-02   3.0378460009480490E-01   5.5435257079183842E-16   2.9588496824652881E+00  -4.9088795173704514E-01   2.7483116486493833E-02   6.3999999999999997E-05   7.3413799999999929E-01   5.5000000000000002E-05   1.4885000000000002E-02   7.4947900000000001E-01   1.1000000000000000E-05
 
       1        4   2.6046614173228346E+00     2500        0   0.0000000000000000E+00   4.6401281556370240E+00   9.7724850822532594E-01   0.0000000000000000E+00   5.2036414119943683E-02   5.4108490940543839E-02   1.8033290529372841E-02   2.6088371811501591E-02   2.6201135341139645E-02   3.0378460009480490E-01   5.5435257079183842E-16   2.9588467940095367E+00  -4.9088795173704514E-01   2.7483116486493833E-02   6.7000000000000002E-05   7.3998599999999970E-01   6.7999999999999999E-05   1.5554000000000000E-02   7.5603200000000004E-01   1.1000000000000000E-05
 
       1        5   3.4728818897637792E+00     2500        0   0.0000000000000000E+00   4.6361851287436426E+00   9.7855434614985959E-01   0.0000000000000000E+00   5.5012595410530239E-02   5.2984827675358982E-02   1.8033290529372841E-02   2.6088474815977463E-02   2.6238020642277361E-02   3.0378460009480490E-01   5.5435257079183842E-16   2.9588427535051811E+00  -4.9088795173704514E-01   2.7483116486493833E-02   6.3000000000000000E-05   7.4392099999999728E-01   6.7999999999999999E-05   7.6720000000000000E-03   7.5204800000000005E-01   1.2000000000000000E-05
 
       1        6   4.3411023622047242E+00     2500        0   0.0000000000000000E+00   4.6455205768550316E+00   9.7987345396798309E-01   0.0000000000000000E+00   5.7212406378293897E-02   5.1856906047588427E-02   1.8033290529372841E-02   2.6084774197730413E-02   2.6269097764796918E-02   3.0378460009480490E-01   5.5435257079183842E-16   2.9588373276582685E+00  -4.9088795173704514E-01   2.7483116486493833E-02   6.3999999999999997E-05   7.4339499999999792E-01   5.6999999999999996E-05   1.4254999999999997E-02   7.5813699999999995E-01   1.2999999999999999E-05
 
       1        7   5.2093228346456693E+00     2500        0   0.0000000000000000E+00   4.6524105300000160E+00   9.8091009297786014E-01   0.0000000000000000E+00   5.8402493575572395E-02   5.0812039866197423E-02   1.8033290529372841E-02   2.6088552430207038E-02   2.6310670156571115E-02   3.0378460009480490E-01   5.5435257079183842E-16   2.9588302715992931E+00  -4.9088795173704514E-01   2.7483116486493833E-02   7.2000000000000002E-05   7.3288199999999826E-01   5.6999999999999996E-05   2.5448999999999996E-02   7.5882200000000000E-01   1.1000000000000000E-05
 
       1        8   6.0775433070866134E+00     2500        0   0.0000000000000000E+00   4.6495038679218430E+00   9.8151156360246516E-01   0.0000000000000000E+00   5.8494022408799230E-02   4.9885127789384934E-02   1.8033290529372841E-02   2.6088497681900885E-02   2.6358652848867108E-02   3.0378460009480490E-01   5.5435257079183842E-16   2.9588213319465204E+00  -4.9088795173704514E-01   2.7483116486493833E-02   8.7999999999999998E-05   7.4297299999999755E-01   5.6999999999999996E-05   2.0790000000000006E-02   7.6429899999999995E-01   1.1000000000000000E-05
 
       1        9   6.9457637795275584E+00     2500        0   0.0000000000000000E+00   4.6387313940251786E+00   9.8167515197879252E-01   0.0000000000000000E+00   5.7514643906791792E-02   4.9126594323986514E-02   1.8033290529372841E-02   2.6086176332216104E-02   2.6401089589993317E-02   3.0378460009480490E-01   5.5435257079183842E-16   2.9588102422873037E+00  -4.9088795173704514E-01   2.7483116486493833E-02   6.4999999999999994E-05   7.3946399999999812E-01   6.1000000000000005E-05   1.2564999999999995E-02   7.5251299999999999E-01   1.1000000000000000E-05
 
       1       10   7.8139842519685034E+00     2500        0   0.0000000000000000E+00   4.6415107628085384E+00   9.8144502360380004E-01   0.0000000000000000E+00   5.5625400281437073E-02   4.8603837175010302E-02   1.8033290529372841E-02   2.6088067579169514E-02   2.6462151237294361E-02   3.0378460009480490E-01   5.5435257079183842E-16   2.9587967347526081E+00  -4.9088795173704514E-01   2.7483116486493833E-02   1.9699999999999999E-04   5.3392189999999999E+00   7.5699999999999997E-04   2.5995000000000001E-02   5.3733139999999997E+00   1.9000000000000001E-05
 
       1       11   8.6822047244094485E+00     2500        0   0.0000000000000000E+00   4.6510690040680416E+00   9.8088125892744571E-01   0.0000000000000000E+00   5.3081718899027873E-02   4.8342053063008435E-02   1.8033290529372841E-02   2.6087854439811820E-02   2.6521663473714440E-02   3.0378460009480490E-01   5.5435257079183842E-16   2.9587805370229674E+00  -4.9088795173704514E-01   2.7483116486493833E-02   8.8999999999999995E-05   7.4945500000000242E+00   3.1499999999999996E-04   5.8914000000000001E-02   7.5663119999999999E+00   1.1000000000000000E-05
 
       1       12   9.5504251968503944E+00     2500        0   0.0000000000000000E+00   4.6514422786284166E+00   9.8010778800000964E-01   0.0000000000000000E+00   5.0198982986693078E-02   4.8326127645450030E-02   1.8033290529372841E-02   2.6087629711835033E-02   2.6579442331620254E-02   3.0378460009480490E-01   5.5435257079183842E-16   2.9587613723554003E+00  -4.9088795173704514E-01   2.7483116486493833E-02   6.3999999999999997E-05   7.6475099999999707E-01   6.7000000000000002E-05   4.1603000000000001E-02   8.0685600000000002E-01   1.2999999999999999E-05
 
       1       13   1.0418645669291339E+01     2500        0   0.0000000000000000E+00   4.6492799001175067E+00   9.7931576188075142E-01   0.0000000000000000E+00   4.7317418371177603E-02   4.8531742933931317E-02   1.8033290529372841E-02   2.6087877071920847E-02   2.6655621300908428E-02   3.0378460009480490E-01   5.5435257079183842E-16   2.9587389725328563E+00  -4.9088795173704514E-01   2.7483116486493833E-02   6.3999999999999997E-05   7.6862499999999789E-01   6.2000000000000003E-05   2.1482999999999999E-02   7.9064000000000001E-01   1.9000000000000001E-05
 
       1       14   1.1286866141732284E+01     2500        0   0.0000000000000000E+00   4.6470300998079459E+00   9.7866690165222114E-01   0.0000000000000000E+00   4.4734653446925350E-02   4.8953610142988831E-02   1.8033290529372841E-02   2.6086544189763156E-02   2.6725822686217142E-02   3.0378460009480490E-01   5.5435257079183842E-16   2.9587130690794416E+00  -4.9088795173704514E-01   2.7483116486493833E-02   1.1300000000000000E-04   3.0606309999999972E+00   2.0700000000000002E-04   4.9037999999999991E-02   3.1142439999999998E+00   1.1000000000000000E-05
 
       1       15   1.2155086614173227E+01     2500        0   0.0000000000000000E+00   4.6494171230292727E+00   9.7823592886876876E-01   0.0000000000000000E+00   4.2708962499303164E-02   4.9568887041644465E-02   1.8033290529372841E-02   2.6088415893498740E-02   2.6801588841388051E-02   3.0378460009480490E-01   5.5435257079183842E-16   2.9586834006953371E+00  -4.9088795173704514E-01   2.7483116486493833E-02   6.3999999999999997E-05   7.6438599999999957E-01   6.1000000000000005E-05   4.0427999999999999E-02   8.0531100000000000E-01   1.2999999999999999E-05
 
       1       16   1.3023307086614173E+01     2500        0   0.0000000000000000E+00   4.6449452921533938E+00   9.7805729261529728E-01   0.0000000000000000E+00   4.1419994135603426E-02   5.0309795921149300E-02   1.8033290529372841E-02   2.6088504486335623E-02   2.6887157151891990E-02   3.0378460009480490E-01   5.5435257079183842E-16   2.9586497223077473E+00  -4.9088795173704514E-01   2.7483116486493833E-02   6.3999999999999997E-05   7.6143499999999953E-01   6.0999999999999992E-05   7.3369999999999998E-03   7.6929800000000004E-01   2.8000000000000000E-05
 
       1       17   1.3891527559055117E+01     2500        0   0.0000000000000000E+00   4.6365456091695059E+00   9.7815388314380458E-01   0.0000000000000000E+00   4.0947519330212567E-02   5.1111648429193093E-02   1.8033290529372841E-02   2.6084566054587848E-02   2.6965878838631444E-02   3.0378460009480490E-01   5.5467783144358407E-16   2.9586117944856132E+00  -4.9088795173704514E-01   2.7483116486493833E-02   6.3999999999999997E-05   2.0862859999999923E+00   5.6999999999999996E-05   1.0237999999999999E-02   2.0990009999999999E+00   1.2000000000000000E-05
 
       1       18   1.4759748031496061E+01     2500        0   0.0000000000000000E+00   4.6421650766965463E+00   9.7849938768263933E-01   0.0000000000000000E+00   4.1280639539446419E-02   5.1927187439131786E-02   1.8033290529372841E-02   2.6088535772274591E-02   2.7056872326867414E-02   3.0378460009480490E-01   5.5435257079183842E-16   2.9585693980963352E+00  -4.9088795173704514E-01   2.7483116486493833E-02   6.4999999999999994E-05   4.3086875350000046E+03   4.8600000000000000E-04   8.3594999999999989E-02   1.3820076000000000E+01   1.4000000000000000E-05
 
       1       19   1.5627968503937007E+01     2500        0   0.0000000000000000E+00   4.6486106939533878E+00   9.7898807537682309E-01   0.0000000000000000E+00   4.2312227102347229E-02   5.2711198421969849E-02   1.8033290529372841E-02   2.6088466630307186E-02   2.7148770360948499E-02   3.0378460009480490E-01   5.5435257079183842E-16   2.9585223349722520E+00  -4.9088795173704514E-01   2.7483116486493833E-02   6.4999999999999994E-05   2.1559083649999852E+03   5.1800000000000001E-04   6.0395999999999998E-02   8.4948359999999994E+00   1.2999999999999999E-05
 
       1       20   1.6496188976377955E+01     2500        0   0.0000000000000000E+00   4.6485106264257645E+00   9.7949104361172701E-01   0.0000000000000000E+00   4.3890284299377767E-02   5.3396880836690357E-02   1.8033290529372841E-02   2.6086336581133424E-02   2.7232529445044007E-02   3.0378460009480490E-01   5.5435257079183842E-16   2.9584704209822812E+00  -4.9088795173704514E-01   2.7483116486493833E-02   8.1000000000000004E-05   1.8995260000000003E+00   5.8999999999999991E-05   7.0914000000000005E-02   1.9713830000000001E+00   1.0670000000000000E-03
 
       1       21   1.7364409448818897E+01     2500        0   0.0000000000000000E+00   4.6402291097292565E+00   9.7992699128724370E-01   0.0000000000000000E+00   4.5818648920713440E-02   5.3914827946012510E-02   1.8033290529372841E-02   2.6087990265967073E-02   2.7334620979753463E-02   3.0378460009480490E-01   5.5435257079183842E-16   2.9584135048097684E+00  -4.9088795173704514E-01   2.7483116486493833E-02   3.9700000000000000E-04   2.1768975999999977E+01   3.8610000000000003E-03   1.4994800000000000E-01   2.1960000000000001E+01   6.9700000000000003E-04
 
       1       22   1.8232629921259843E+01     2500        0   0.0000000000000000E+00   4.6357398699777779E+00   9.8024658884774940E-01   0.0000000000000000E+00   4.7882484142872342E-02   5.4238635805535070E-02   1.8033290529372841E-02   2.6087762583233736E-02   2.7428525202758017E-02   3.0378460009480490E-01   5.5511151231257827E-16   2.9583514585880177E+00  -4.9088795173704514E-01   2.7483116486493833E-02   3.7090000000000001E-03   2.1542668799999178E+03   6.9700000000000014E-04   4.5155000000000008E-02   6.8465579999999999E+00   1.2999999999999999E-05
 
       1       23   1.9100850393700789E+01     2500        0   0.0000000000000000E+00   4.6447693628552820E+00   9.8040033157419082E-01   0.0000000000000000E+00   4.9892534397787583E-02   5.4357164650102686E-02   1.8033290529372841E-02   2.6087729064981403E-02   2.7518873103102130E-02   3.0378460009480490E-01   5.5435257079183842E-16   2.9582841793143357E+00  -4.9088795173704514E-01   2.7483116486493833E-02   7.2000000000000002E-05   9.9949600000000560E-01   6.2000000000000003E-05   1.2655000000000000E-02   1.0134660000000000E+00   1.2999999999999999E-05
 
       1       24   1.9969070866141735E+01     2500        0   0.0000000000000000E+00   4.6462449582602012E+00   9.8036060252158352E-01   0.0000000000000000E+00   5.1678690505310459E-02   5.4256282739712086E-02   1.8033290529372841E-02   2.6087961851645674E-02   2.7620418455573982E-02   3.0378460009480490E-01   5.5435257079183842E-16   2.9582116062603663E+00  -4.9088795173704514E-01   2.7483116486493833E-02   6.7999999999999999E-05   7.8968000000001615E-01   6.4999999999999994E-05   2.1233000000000002E-02   8.1142599999999998E-01   1.2999999999999999E-05
 
       1       25   2.0837291338582677E+01     2500        0   0.0000000000000000E+00   4.6449301242012222E+00   9.8016287332019369E-01   0.0000000000000000E+00   5.3117242039210096E-02   5.3933763045646052E-02   1.8033290529372841E-02   2.6086391447243836E-02   2.7710875164007002E-02   3.0378460009480490E-01   5.5435257079183842E-16   2.9581337039893123E+00  -4.9088795173704514E-01   2.7483116486493833E-02   6.7999999999999999E-05   8.1449300000001168E-01   7.1000000000000005E-05   8.3894999999999983E-02   8.9893699999999999E-01   2.0000000000000002E-05
 
       1       26   2.1705511811023623E+01     2500        0   0.0000000000000000E+00   4.6464790303110206E+00   9.7988477196128287E-01   0.0000000000000000E+00   5.4112045439945286E-02   5.3421176509591342E-02   1.8033290529372841E-02   2.6088454431574978E-02   2.7802681202758514E-02   3.0378460009480490E-01   5.5435257079183842E-16   2.9580504744939091E+00  -4.9088795173704514E-01   2.7483116486493833E-02   9.7999999999999997E-05   8.0571500000001206E-01   6.7999999999999999E-05   2.2313000000000003E-02   8.2864199999999999E-01   2.0999999999999999E-05
 
       1       27   2.2573732283464569E+01     2500        0   0.0000000000000000E+00   4.6480396618092046E+00   9.7958400685517422E-01   0.0000000000000000E+00   5.4607453066755421E-02   5.2785292643731267E-02   1.8033290529372841E-02   2.6088528621363259E-02   2.7896583436634238E-02   3.0378460009480490E-01   5.5511151231257827E-16   2.9579619660914651E+00  -4.9088795173704514E-01   2.7483116486493833E-02   9.7999999999999997E-05   9.1977500000000099E+00   1.6100000000000001E-03   8.6824999999999999E-02   9.3045069999999992E+00   1.5000000000000000E-05
 
       1       28   2.3441952755905511E+01     2500        0   0.0000000000000000E+00   4.6487068097927979E+00   9.7929993860642561E-01   0.0000000000000000E+00   5.4608355875581348E-02   5.2081494382365617E-02   1.8033290529372841E-02   2.6084491763925164E-02   2.7977209776644012E-02   3.0378460009480490E-01   5.5435257079183842E-16   2.9578682557973810E+00  -4.9088795173704514E-01   2.7483116486493833E-02   6.7199999999999996E-04   7.9711899999999614E-01   8.0000000000000007E-05   2.9278000000000002E-02   8.2767500000000005E-01   2.0000000000000002E-05
 
       1       29   2.4310173228346454E+01     2500        0   0.0000000000000000E+00   4.6391198430538694E+00   9.7908345283559306E-01   0.0000000000000000E+00   5.4138045414507723E-02   5.1363774450383828E-02   1.8033290529372841E-02   2.6088513578057766E-02   2.8063454210034026E-02   3.0378460009480490E-01   5.5435257079183842E-16   2.9577694700877819E+00  -4.9088795173704514E-01   2.7483116486493833E-02   1.2400000000000001E-04   4.9246040000000786E+00   1.1099999999999997E-04   7.8028000000000014E-02   5.0080830000000001E+00   1.2999999999999999E-05
 
       1       30   2.5178393700787399E+01     2500        0   0.0000000000000000E+00   4.6401391218821546E+00   9.7898229371864953E-01   0.0000000000000000E+00   5.3249309011390446E-02   5.0708298158080339E-02   1.8033290529372841E-02   2.6088430035723153E-02   2.8142848669288220E-02   3.0378460009480490E-01   5.5511151231257827E-16   2.9576657804860624E+00  -4.9088795173704514E-01   2.7483116486493833E-02   6.4999999999999994E-05   7.4842600000000248E-01   6.3000000000000000E-05   1.2527000000000002E-02   7.6145600000000002E-01   2.1999999999999999E-05
 
       1       31   2.6046614173228345E+01     2500        0   0.0000000000000000E+00   4.6499775680020310E+00   9.7899888450489347E-01   0.0000000000000000E+00   5.2009889784610387E-02   5.0195733682761527E-02   1.8033290529372841E-02   2.6086491272078908E-02   2.8206594163932348E-02   3.0378460009480490E-01   5.5467783144358407E-16   2.9575573927944250E+00  -4.9088795173704514E-01   2.7483116486493833E-02   6.6000000000000005E-05   7.5222200000000283E-01   6.6000000000000005E-05   7.6800000000000002E-03   7.6047699999999996E-01   1.2999999999999999E-05
 
       1       32   2.6914834645669288E+01     2500        0   0.0000000000000000E+00   4.6486775321786205E+00   9.7908997159900613E-01   0.0000000000000000E+00   5.0510255090599150E-02   4.9889058592080052E-02   1.8033290529372841E-02   2.6087907424305497E-02   2.8279656038677634E-02   3.0378460009480490E-01   5.5435257079183842E-16   2.9574445712209716E+00  -4.9088795173704514E-01   2.7483116486493833E-02   6.6000000000000005E-05   7.5320200000000181E-01   5.7999999999999994E-05   7.2770000000000005E-03   7.6096600000000003E-01   1.2999999999999999E-05
 
       1       33   2.7783055118110234E+01     2500        0   0.0000000000000000E+00   4.6411909281079229E+00   9.7922376194497029E-01   0.0000000000000000E+00   4.8873178900949846E-02   4.9814727521266831E-02   1.8033290529372841E-02   2.6087665176194635E-02   2.8337215851804227E-02   3.0378460009480490E-01   5.5435257079183842E-16   2.9573276200783987E+00  -4.9088795173704514E-01   2.7483116486493833E-02   6.4999999999999994E-05   7.5100699999999998E-01   8.1000000000000004E-05   7.1859999999999997E-03   7.5872899999999999E-01   1.2000000000000000E-05
 
       1       34   2.8651275590551180E+01     2500        0   0.0000000000000000E+00   4.6323184772001449E+00   9.7938987685612544E-01   0.0000000000000000E+00   4.7215989636842134E-02   4.9994075804120346E-02   1.8033290529372841E-02   2.6087822867430985E-02   2.8380715526556011E-02   3.0378460009480490E-01   5.5435257079183842E-16   2.9572068854071465E+00  -4.9088795173704514E-01   2.7483116486493833E-02   7.2999999999999999E-05   7.5273600000000340E-01   6.9999999999999994E-05   1.3245000000000000E-02   7.6650499999999999E-01   1.4000000000000000E-05
 
       1       35   2.9519496062992122E+01     2500        0   0.0000000000000000E+00   4.6384086055883209E+00   9.7956207849250554E-01   0.0000000000000000E+00   4.5674756771893178E-02   5.0442838598221559E-02   1.8033290529372841E-02   2.6088041103164747E-02   2.8428678298214667E-02   3.0378460009480490E-01   5.5511151231257827E-16   2.9570827747296917E+00  -4.9088795173704514E-01   2.7483116486493833E-02   6.6000000000000005E-05   7.5103200000000048E-01   5.5999999999999999E-05   7.1730000000000006E-03   7.5866000000000000E-01   1.2000000000000000E-05
 
       1       36   3.0387716535433068E+01     2500        0   0.0000000000000000E+00   4.6461181897112587E+00   9.7969931063820781E-01   0.0000000000000000E+00   4.4385477635765509E-02   5.1135810583916363E-02   1.8033290529372841E-02   2.6086233146982392E-02   2.8456954520899483E-02   3.0378460009480490E-01   5.5435257079183842E-16   2.9569557297500335E+00  -4.9088795173704514E-01   2.7483116486493833E-02   6.6000000000000005E-05   7.4946900000000194E-01   5.4000000000000005E-05   7.1270000000000005E-03   7.5709700000000002E-01   1.2999999999999999E-05
 
       1       37   3.1255937007874014E+01     2500        0   0.0000000000000000E+00   4.6403944695430202E+00   9.7978120256650603E-01   0.0000000000000000E+00   4.3466028700057543E-02   5.2016328944118707E-02   1.8033290529372841E-02   2.6088487426419039E-02   2.8474119851271962E-02   3.0378460009480490E-01   5.5511151231257827E-16   2.9568262421666232E+00  -4.9088795173704514E-01   2.7483116486493833E-02   6.3999999999999997E-05   7.5135300000000116E-01   5.5999999999999999E-05   1.5365000000000000E-02   7.6722299999999999E-01   1.4000000000000000E-05
 
       1       38   3.2124157480314963E+01     2500        0   0.0000000000000000E+00   4.6404155028604004E+00   9.7982543719379223E-01   0.0000000000000000E+00   4.3012946551632680E-02   5.3011207760850908E-02   1.8033290529372841E-02   2.6088547220353853E-02   2.8487914554093899E-02   3.0378460009480490E-01   5.5435257079183842E-16   2.9566948601260283E+00  -4.9088795173704514E-01   2.7483116486493833E-02   6.4999999999999994E-05   7.5099600000000188E-01   6.0000000000000002E-05   1.5264000000000000E-02   7.6677300000000004E-01   1.1000000000000000E-05
 
       1       39   3.2992377952755909E+01     2500        0   0.0000000000000000E+00   4.6429300003308622E+00   9.7984871356471392E-01   0.0000000000000000E+00   4.3073391020162916E-02   5.4050150782642477E-02   1.8033290529372841E-02   2.6084701857757756E-02   2.8479705992139566E-02   3.0378460009480490E-01   5.5435257079183842E-16   2.9565621620801630E+00  -4.9088795173704514E-01   2.7483116486493833E-02   6.7000000000000002E-05   7.5191600000000425E-01   5.8999999999999998E-05   1.3676000000000001E-02   7.6609600000000000E-01   1.1000000000000000E-05
 
       1       40   3.3860598425196855E+01     2500        0   0.0000000000000000E+00   4.6456158627810309E+00   9.7984516420477730E-01   0.0000000000000000E+00   4.3668322754534770E-02   5.5049578136995014E-02   1.8033290529372841E-02   2.6088485848262538E-02   2.8463102066278931E-02   3.0378460009480490E-01   5.5435257079183842E-16   2.9564287826998403E+00  -4.9088795173704514E-01   2.7483116486493833E-02   7.6000000000000004E-05   7.5724600000000708E-01   6.4999999999999994E-05   1.4631999999999999E-02   7.7242800000000000E-01   1.2999999999999999E-05
 
       1       41   3.4728818897637794E+01     2500        0   0.0000000000000000E+00   4.6410556746608567E+00   9.7981851301191181E-01   0.0000000000000000E+00   4.4762017557462674E-02   5.5907276337572608E-02   1.8033290529372841E-02   2.6088387897459479E-02   2.8435910141653697E-02   3.0378460009480490E-01   5.5435257079183842E-16   2.9562954011412845E+00  -4.9088795173704514E-01   2.7483116486493833E-02   6.7000000000000002E-05   7.6839500000000238E-01   6.4999999999999994E-05   8.1429999999999992E-03   7.7705900000000006E-01   1.4000000000000000E-05
 
       1       42   3.5597039370078740E+01     2500        0   0.0000000000000000E+00   4.6361055200715029E+00   9.7978754296548776E-01   0.0000000000000000E+00   4.6252802700241714E-02   5.6546628929201315E-02   1.8033290529372841E-02   2.6086640405708291E-02   2.8384647745810128E-02   3.0378460009480490E-01   5.5511151231257827E-16   2.9561627256471152E+00  -4.9088795173704514E-01   2.7483116486493833E-02   6.7000000000000002E-05   7.7153800000000372E-01   6.2000000000000003E-05   1.4356000000000001E-02   7.8644199999999997E-01   1.2000000000000000E-05
 
       1       43   3.6465259842519686E+01     2500        0   0.0000000000000000E+00   4.6488639135682002E+00   9.7975966505732626E-01   0.0000000000000000E+00   4.8002081435592966E-02   5.6918385638446499E-02   1.8033290529372841E-02   2.6087819054907976E-02   2.8327646185907381E-02   3.0378460009480490E-01   5.5511151231257827E-16   2.9560315220806821E+00  -4.9088795173704514E-01   2.7483116486493833E-02   6.7000000000000002E-05   2.1511041609999843E+03   6.5999999999999992E-05   3.5119000000000004E-02   3.6621730000000001E+00   1.2999999999999999E-05
 
       1       44   3.7333480314960632E+01     2500        0   0.0000000000000000E+00   4.6544221109981807E+00   9.7972003553101028E-01   0.0000000000000000E+00   4.9838811483973205E-02   5.6993960790136466E-02   1.8033290529372841E-02   2.6087562218022491E-02   2.8253540042572391E-02   3.0455792122555753E-01   5.5435257079183842E-16   2.9559025847730132E+00  -4.9088795173704514E-01   2.7483116486493833E-02   6.4999999999999994E-05   7.5346400000000524E-01   5.6999999999999996E-05   2.0191999999999995E-02   7.7415299999999998E-01   1.2000000000000000E-05
 
       1       45   3.8201700787401577E+01     2500        0   0.0000000000000000E+00   4.6467392604336881E+00   9.7966068169197096E-01   0.0000000000000000E+00   5.1598448640228306E-02   5.6762282839536674E-02   1.8033290529372841E-02   2.6087911119856790E-02   2.8153669658612161E-02   3.0618978552709247E-01   5.5435257079183842E-16   2.9557767382435807E+00  -4.9088795173704514E-01   2.7483116486493833E-02   6.7000000000000002E-05   4.1043959999999480E+00   2.4100000000000006E-04   3.2042999999999995E-02   4.1408269999999998E+00   2.0999999999999999E-05
 
       1       46   3.9069921259842523E+01     2500        0   0.0000000000000000E+00   4.6374242348860228E+00   9.7959786416409089E-01   0.0000000000000000E+00   5.3109693071016824E-02   5.6244420114016251E-02   1.8033290529372841E-02   2.6088114825755904E-02   2.8050849317794908E-02   3.0770260645273029E-01   5.5467783144358407E-16   2.9556548582134572E+00  -4.9088795173704514E-01   2.7483116486493833E-02   6.3000000000000000E-05   7.3984699999999759E-01   6.3000000000000000E-05   8.7989999999999995E-03   7.4914899999999995E-01   1.2999999999999999E-05
 
       1       47   3.9938141732283469E+01     2500        0   0.0000000000000000E+00   4.6354009676457482E+00   9.7954331412644235E-01   0.0000000000000000E+00   5.4217954430271185E-02   5.5511494089297814E-02   1.8033290529372841E-02   2.6086069288324104E-02   2.7925164573702622E-02   3.0908188113337348E-01   5.5435257079183842E-16   2.9555378328386031E+00  -4.9088795173704514E-01   2.7483116486493833E-02   6.3999999999999997E-05   1.8034420000000031E+00   6.8999999999999997E-05   1.4909000000000002E-02   1.8196650000000001E+00   1.2999999999999999E-05
 
       1       48   4.0806362204724408E+01     2500        0   0.0000000000000000E+00   4.6437174983103633E+00   9.7949664924701063E-01   0.0000000000000000E+00   5.4826615549052535E-02   5.4646195088905919E-02   1.8033290529372841E-02   2.6088514878721245E-02   2.7772952788689763E-02   3.1031292023417961E-01   5.5435257079183842E-16   2.9554265825394976E+00  -4.9088795173704514E-01   2.7483116486493833E-02   6.6000000000000005E-05   7.5942000000000065E-01   6.2000000000000003E-05   1.3893999999999998E-02   7.7380199999999999E-01   1.9000000000000001E-05
 
       1       49   4.1674582677165354E+01     2500        0   0.0000000000000000E+00   4.6396901867795206E+00   9.7946459024897736E-01   0.0000000000000000E+00   5.4878856940949051E-02   5.3735583207280849E-02   1.8033290529372841E-02   2.6088560282602438E-02   2.7620033631468845E-02   3.1138327086922801E-01   5.5435257079183842E-16   2.9553220628424444E+00  -4.9088795173704514E-01   2.7483116486493833E-02   1.1400000000000001E-04   7.5972300000000204E-01   5.9999999999999995E-05   1.4108000000000001E-02   7.7442999999999995E-01   1.4000000000000000E-05
 
       1       50   4.2542803149606300E+01     2500        0   0.0000000000000000E+00   4.6364366717431480E+00   9.7946623882533423E-01   0.0000000000000000E+00   5.4374434309848951E-02   5.2880128352510158E-02   1.8033290529372841E-02   2.6084906387811843E-02   2.7439711819617275E-02   3.1227539570658575E-01   5.5435257079183842E-16   2.9552252295805843E+00  -4.9088795173704514E-01   2.7483116486493833E-02   6.4999999999999994E-05   7.3826199999999698E-01   6.3000000000000013E-05   8.6240000000000015E-03   7.4737900000000002E-01   1.2000000000000000E-05
 
       1       51   4.3411023622047246E+01     2500        0   0.0000000000000000E+00   4.6438000581915482E+00   9.7950882041811982E-01   0.0000000000000000E+00   5.3350675413467732E-02   5.2183473091497477E-02   1.8033290529372841E-02   2.6088452583596444E-02   2.7236297591481964E-02   3.1297408957061507E-01   5.5511151231257827E-16   2.9551370705128255E+00  -4.9088795173704514E-01   2.7483116486493833E-02   6.3999999999999997E-05   7.7757800000001398E-01   6.3999999999999984E-05   1.3362000000000002E-02   7.9145600000000005E-01   1.2999999999999999E-05
 
       1       52   4.4279244094488192E+01     2500        0   0.0000000000000000E+00   4.6458205865826541E+00   9.7957525556305514E-01   0.0000000000000000E+00   5.1893422692970370E-02   5.1735091874830365E-02   1.8033290529372841E-02   2.6088340214828473E-02   2.7027751242854101E-02   3.1346452759204652E-01   5.5435257079183842E-16   2.9550585852641365E+00  -4.9088795173704514E-01   2.7483116486493833E-02   6.7999999999999999E-05   2.8761010000000544E+00   1.5100000000000001E-04   2.7827999999999999E-02   2.9063189999999999E+00   2.0000000000000002E-05
 
       1       53   4.5147464566929138E+01     2500        0   0.0000000000000000E+00   4.6398277556678025E+00   9.7965506502019084E-01   0.0000000000000000E+00   5.0144191004131193E-02   5.1581162122032190E-02   1.8033290529372841E-02   2.6086783982678864E-02   2.6791636928322565E-02   3.1373201543366880E-01   5.5424415057458987E-16   2.9549907661744932E+00  -4.9088795173704514E-01   2.7483116486493833E-02   1.2300000000000001E-04   7.9346200000001699E-01   6.2000000000000003E-05   4.7091000000000015E-02   8.4125300000000003E-01   1.5000000000000000E-05
 
       1       54   4.6015685039370084E+01     2500        0   0.0000000000000000E+00   4.6272265694521328E+00   9.7974824336289057E-01   0.0000000000000000E+00   4.8253607748888060E-02   5.1745292749549983E-02   1.8033290529372841E-02   2.6087725158499234E-02   2.6536544915956400E-02   3.1376205929633610E-01   5.5424415057458987E-16   2.9549346317669469E+00  -4.9088795173704514E-01   2.7483116486493833E-02   7.7000000000000001E-05   8.0902900000001265E-01   6.4999999999999994E-05   1.8378000000000002E-02   8.2796800000000004E-01   1.2000000000000000E-05
 
       1       55   4.6883905511811022E+01     2500        0   0.0000000000000000E+00   4.6311866011047824E+00   9.7984055081399846E-01   0.0000000000000000E+00   4.6391946574392481E-02   5.2231643265303378E-02   1.8033290529372841E-02   2.6087453708046878E-02   2.6272634062856973E-02   3.1354043428324924E-01   5.5511151231257827E-16   2.9548911862995149E+00  -4.9088795173704514E-01   2.7483116486493833E-02   8.3999999999999995E-05   8.0135470000000755E+00   6.7599999999999995E-04   4.6678000000000004E-02   8.0697510000000001E+00   1.2999999999999999E-05
 
       1       56   4.7752125984251968E+01     2500        0   0.0000000000000000E+00   4.6462041885199410E+00   9.7990364163704158E-01   0.0000000000000000E+00   4.4727670466222939E-02   5.2999918447418984E-02   1.8033290529372841E-02   2.6087993822933461E-02   2.5981711576502187E-02   3.1305325426435987E-01   5.5424415057458987E-16   2.9548614233075092E+00  -4.9088795173704514E-01   2.7483116486493833E-02   6.6000000000000005E-05   2.1626527690000034E+03   2.8700000000000004E-04   1.1883900000000000E-01   1.5312279000000000E+01   1.9000000000000001E-04
 
       1       57   4.8620346456692907E+01     2500        0   0.0000000000000000E+00   4.6452649673445352E+00   9.7992199433063776E-01   0.0000000000000000E+00   4.3421942988313991E-02   5.3971126616978428E-02   1.8033290529372841E-02   2.6088183018698561E-02   2.5676799290690066E-02   3.1228704448287897E-01   5.5424415057458987E-16   2.9548463481357996E+00  -4.9088795173704514E-01   2.7483116486493833E-02   2.3040000000000001E-03   4.9250830000002273E+00   9.6600000000000017E-04   4.3843000000000000E-02   4.9783520000000001E+00   1.2000000000000000E-05
 
       1       58   4.9488566929133853E+01     2500        0   0.0000000000000000E+00   4.6379225949731575E+00   9.7990865069088740E-01   0.0000000000000000E+00   4.2617894444304284E-02   5.5040027187488211E-02   1.8033290529372841E-02   2.6085899870615877E-02   2.5849580153245927E-02   3.1282439014776159E-01   5.5511151231257827E-16   2.9548469283601966E+00  -4.9088795173704514E-01   2.7483116486493833E-02   6.7999999999999999E-05   6.5452769999999951E+00   4.0200000000000001E-04   9.4741999999999993E-02   6.6465090000000000E+00   2.1499999999999999E-04
 
       1       59   5.0356787401574799E+01     2500        0   0.0000000000000000E+00   4.6313956063157544E+00   9.7987761800346174E-01   0.0000000000000000E+00   4.2402842259557427E-02   5.6104611263239762E-02   1.8033290529372841E-02   2.6088536789173482E-02   2.6133599549716120E-02   3.1336663265470355E-01   5.5424415057458987E-16   2.9548641196980339E+00  -4.9088795173704514E-01   2.7483116486493833E-02   2.8600000000000001E-03   8.8529400000000429E+00   8.8200000000000008E-04   7.5918000000000013E-02   8.9644610000000000E+00   1.2000000000000000E-05
 
       1       60   5.1225007874015745E+01     2500        0   0.0000000000000000E+00   4.6315547814351543E+00   9.7982979892941025E-01   0.0000000000000000E+00   4.2827197936348441E-02   5.7058789731625557E-02   1.8033290529372841E-02   2.6088567807405628E-02   2.6429119518268835E-02   3.1368886129608176E-01   5.5511151231257827E-16   2.9548988654125319E+00  -4.9088795173704514E-01   2.7483116486493833E-02   6.4999999999999994E-05   1.6330180000000085E+00   6.4100000000000019E-04   3.9314000000000002E-02   1.6740759999999999E+00   1.9000000000000001E-05
 
       1       61   5.2093228346456691E+01     2500        0   0.0000000000000000E+00   4.6316775215879549E+00   9.7977384119031730E-01   0.0000000000000000E+00   4.3874364096183976E-02   5.7787846979835043E-02   1.8033290529372841E-02   2.6085105354729000E-02   2.6754324351050879E-02   3.1377670918644496E-01   5.5424415057458987E-16   2.9549520547326829E+00  -4.9088795173704514E-01   2.7483116486493833E-02   8.7000000000000001E-05   2.1488478820000164E+03   5.9999999999999995E-05   4.0925999999999997E-02   1.4109320000000001E+00   1.2000000000000000E-05
 
       1       62   5.2961448818897630E+01     2500        0   0.0000000000000000E+00   4.6278465713549206E+00   9.7973219413305535E-01   0.0000000000000000E+00   4.5460426649343834E-02   5.8206070984314164E-02   1.8033290529372841E-02   2.6088413784768609E-02   2.7084893904781675E-02   3.1361606282521820E-01   5.5424415057458987E-16   2.9550245621533398E+00  -4.9088795173704514E-01   2.7483116486493833E-02   8.3999999999999995E-05   7.8102399999999372E-01   7.9999999999999993E-05   1.2856000000000003E-02   7.9445500000000002E-01   1.4000000000000000E-05
 
       1       63   5.3829669291338575E+01     2500        0   0.0000000000000000E+00   4.6346359381503115E+00   9.7971762337270707E-01   0.0000000000000000E+00   4.7446773340749940E-02   5.8264568000292304E-02   1.8033290529372841E-02   2.6088286987143966E-02   2.7435330645822143E-02   3.1319313195873416E-01   5.5424415057458987E-16   2.9551172195531370E+00  -4.9088795173704514E-01   2.7483116486493833E-02   6.7000000000000002E-05   7.7593499999999738E-01   7.1999999999999988E-05   2.7897000000000002E-02   8.0438100000000001E-01   1.4000000000000000E-05
 
       1       64   5.4697889763779521E+01     2500        0   0.0000000000000000E+00   4.6379105255027770E+00   9.7971868358647807E-01   0.0000000000000000E+00   4.9639605601298549E-02   5.7953446190743302E-02   1.8033290529372841E-02   2.6086922003649538E-02   2.7803613636183739E-02   3.1249634675305693E-01   5.5511151231257827E-16   2.9552307961595892E+00  -4.9088795173704514E-01   2.7483116486493833E-02   6.7000000000000002E-05   7.8863699999999715E-01   7.1000000000000005E-05   3.5802999999999995E-02   8.2499400000000001E-01   1.9000000000000001E-05
 
       1       65   5.5566110236220467E+01     2500        0   0.0000000000000000E+00   4.6302174362941226E+00   9.7972548722567721E-01   0.0000000000000000E+00   5.1837315635051409E-02   5.7288871794206185E-02   1.8033290529372841E-02   2.6087625735805572E-02   2.8175201371454243E-02   3.1151354590605079E-01   5.5511151231257827E-16   2.9553660385215679E+00  -4.9088795173704514E-01   2.7483116486493833E-02   1.1700000000000000E-04   7.7313199999999593E-01   6.4999999999999994E-05   2.8752000000000000E-02   8.0249099999999995E-01   1.4000000000000000E-05
 
       1       66   5.6434330708661413E+01     2500        0   0.0000000000000000E+00   4.6192151761738831E+00   9.7974595786594076E-01   0.0000000000000000E+00   5.3818328919389299E-02   5.6317239244779861E-02   1.8033290529372841E-02   2.6087339645598902E-02   2.8573836233163875E-02   3.1023072042563199E-01   5.5511151231257827E-16   2.9555236201294317E+00  -4.9088795173704514E-01   2.7483116486493833E-02   6.7999999999999999E-05   7.7514099999999508E-01   6.3000000000000000E-05   4.7758999999999989E-02   8.2342800000000005E-01   1.9000000000000001E-05
 
       1       67   5.7302551181102359E+01     2500        0   0.0000000000000000E+00   4.6141227056100789E+00   9.7978823820935146E-01   0.0000000000000000E+00   5.5373420597684055E-02   5.5132066881879258E-02   1.8033290529372841E-02   2.6088070977337195E-02   2.8978060619158610E-02   3.0863604600852357E-01   5.5511151231257827E-16   2.9557041501287795E+00  -4.9088795173704514E-01   2.7483116486493833E-02   1.3300000000000001E-04   7.6182399999999484E-01   6.3000000000000000E-05   2.6548999999999996E-02   7.8898699999999999E-01   2.0000000000000002E-05
 
       1       68   5.8170771653543305E+01     2500        0   0.0000000000000000E+00   4.6197125410191511E+00   9.7984224890768634E-01   0.0000000000000000E+00   5.6340538008379647E-02   5.3840910597834850E-02   1.8033290529372841E-02   2.6088245681273704E-02   2.9387784025451599E-02   3.0671837236586863E-01   5.5435257079183842E-16   2.9559081984358553E+00  -4.9088795173704514E-01   2.7483116486493833E-02   9.0000000000000006E-05   7.5077399999999284E-01   6.1999999999999989E-05   3.1537999999999997E-02   7.8286000000000000E-01   1.2999999999999999E-05
 
       1       69   5.9038992125984244E+01     2500        0   0.0000000000000000E+00   4.6178940130258654E+00   9.7988934887050694E-01   0.0000000000000000E+00   5.6601979999198949E-02   5.2552328485741762E-02   1.8033290529372841E-02   2.6085724893206159E-02   2.9820385721252639E-02   3.0446937207887276E-01   5.5435257079183842E-16   2.9561362380369580E+00  -4.9088795173704514E-01   2.7483116486493833E-02   6.7000000000000002E-05   7.5796799999999565E-01   6.2000000000000003E-05   7.2653000000000023E-02   8.3113300000000001E-01   1.2999999999999999E-05
 
       1       70   5.9907212598425190E+01     2500        0   0.0000000000000000E+00   4.6139146300050644E+00   9.7992685204669605E-01   0.0000000000000000E+00   5.6118844327175996E-02   5.1370968650163461E-02   1.8033290529372841E-02   2.6088553158469197E-02   3.0251098593815858E-02   3.0378459995748264E-01   5.5435257079183842E-16   2.9563886800078660E+00  -4.9088795173704514E-01   2.7483116486493833E-02   6.6000000000000005E-05   7.7940600000000615E-01   7.8999999999999996E-05   5.0832000000000002E-02   8.3075399999999999E-01   1.4000000000000000E-05
 
       1       71   6.0775433070866136E+01     2500        0   0.0000000000000000E+00   4.6147892828088377E+00   9.7995866978662149E-01   0.0000000000000000E+00   5.4907004050413322E-02   5.0393772855014833E-02   1.8033290529372841E-02   2.6088569794061617E-02   3.0692301886975738E-02   3.0378460022280118E-01   5.5435257079183842E-16   2.9566658705550322E+00  -4.9088795173704514E-01   2.7483116486493833E-02   6.7999999999999999E-05   3.8488380000000069E+00   5.9300000000000010E-04   4.4073000000000001E-02   3.9003690000000000E+00   1.2000000000000000E-05
 
       1       72   6.1643653543307082E+01     2500        0   0.0000000000000000E+00   4.6116635511503672E+00   9.7998039183207108E-01   0.0000000000000000E+00   5.3060320644912916E-02   4.9702583967054854E-02   1.8033290529372841E-02   2.6085298759152335E-02   3.1143793587687818E-02   3.0378460005550240E-01   5.5435257079183842E-16   2.9569680464148025E+00  -4.9088795173704514E-01   2.7483116486493833E-02   6.7999999999999999E-05   7.9779000000000799E-01   6.3999999999999984E-05   5.2279999999999993E-02   8.5068999999999995E-01   1.5000000000000000E-05
 
       1       73   6.2511874015748027E+01     2500        0   0.0000000000000000E+00   4.6027412707410535E+00   9.7998686163942605E-01   0.0000000000000000E+00   5.0758388500409764E-02   4.9331180024113602E-02   1.8033290529372841E-02   2.6088369452489709E-02   3.1589392941593741E-02   3.0378460001386243E-01   5.5435257079183842E-16   2.9572953840889222E+00  -4.9088795173704514E-01   2.7483116486493833E-02   6.8999999999999997E-05   1.1347330999999935E+01   2.9510000000000001E-03   6.5745999999999999E-02   1.1440889000000000E+01   1.2999999999999999E-05
 
       1       74   6.3380094488188973E+01     2500        0   0.0000000000000000E+00   4.5892078407117651E+00   9.7998158244222988E-01   0.0000000000000000E+00   4.8222912579364792E-02   4.9279925548528856E-02   1.8033290529372841E-02   2.6088228213721396E-02   3.2049074207834725E-02   3.0378460025040921E-01   5.5435257079183842E-16   2.9576479658547261E+00  -4.9088795173704514E-01   2.7483116486493833E-02   6.6000000000000005E-05   7.4383699999999042E-01   5.6999999999999990E-05   7.0879999999999997E-03   7.5143300000000002E-01   1.2999999999999999E-05
 
       1       75   6.4248314960629926E+01     2500        0   0.0000000000000000E+00   4.5884899615439654E+00   9.7997538056220002E-01   0.0000000000000000E+00   4.5719726200414514E-02   4.9524674069833435E-02   1.8033290529372841E-02   2.6087054469280786E-02   3.2506549065795760E-02   3.0378459997180934E-01   5.5511151231257827E-16   2.9580257630259177E+00  -4.9088795173704514E-01   2.7483116486493833E-02   6.4999999999999994E-05   7.5063599999999042E-01   5.9000000000000004E-05   7.5450000000000005E-03   7.5863899999999995E-01   1.2000000000000000E-05
 
       1       76   6.5116535433070865E+01     2500        0   0.0000000000000000E+00   4.5957504333073507E+00   9.7997115740915330E-01   0.0000000000000000E+00   4.3507881147882385E-02   5.0008236129746045E-02   1.8033290529372841E-02   2.6087520787554837E-02   3.2954051627709785E-02   3.0378460009002123E-01   5.5435257079183842E-16   2.9584286837749394E+00  -4.9088795173704514E-01   2.7483116486493833E-02   6.4999999999999994E-05   7.4813699999998962E-01   6.1999999999999989E-05   6.9800000000000010E-03   7.5559900000000002E-01   1.2000000000000000E-05
 
       1       77   6.5984755905511818E+01     2500        0   0.0000000000000000E+00   4.5926188239357311E+00   9.7996748540558754E-01   0.0000000000000000E+00   4.1830032627045752E-02   5.0646960585235212E-02   1.8033290529372841E-02   2.6087220030011307E-02   3.3416820582072550E-02   3.0378460022499620E-01   5.5435257079183842E-16   2.9588565157220756E+00  -4.9088795173704514E-01   2.7483116486493833E-02   6.3999999999999997E-05   7.4766399999999100E-01   5.7999999999999994E-05   7.0180000000000008E-03   7.5515800000000000E-01   1.2999999999999999E-05
 
       1       78   6.6852976377952757E+01     2500        0   0.0000000000000000E+00   4.5839362424481296E+00   9.7996889417424626E-01   0.0000000000000000E+00   4.0890793728931146E-02   5.1330475679855436E-02   1.8033290529372841E-02   2.6088142583745755E-02   3.3865712561183155E-02   3.0378459993909090E-01   5.5435257079183842E-16   2.9593089435331197E+00  -4.9088795173704514E-01   2.7483116486493833E-02   6.7999999999999999E-05   7.5134799999999224E-01   5.8000000000000007E-05   1.4721000000000001E-02   7.6655300000000004E-01   1.2999999999999999E-05
 
       1       79   6.7721196850393710E+01     2500        0   0.0000000000000000E+00   4.5725631776937536E+00   9.7997949279185426E-01   0.0000000000000000E+00   4.0806961068151557E-02   5.1951091095213481E-02   1.8033290529372841E-02   2.6088302812763906E-02   3.4305949216459498E-02   3.0378460016729691E-01   5.5435257079183842E-16   2.9597855773746087E+00  -4.9088795173704514E-01   2.7483116486493833E-02   6.9999999999999994E-05   7.4337199999999359E-01   5.8999999999999991E-05   1.0765999999999998E-02   7.5465000000000004E-01   1.2999999999999999E-05
 
       1       80   6.8589417322834649E+01     2500        0   0.0000000000000000E+00   4.5647236377788847E+00   9.7999992664698810E-01   0.0000000000000000E+00   4.1624310337374452E-02   5.2407208977689752E-02   1.8033290529372841E-02   2.6085544355444971E-02   3.4749587233895832E-02   3.0378460014568637E-01   5.5511151231257827E-16   2.9602858912865324E+00  -4.9088795173704514E-01   2.7483116486493833E-02   6.3000000000000000E-05   7.4886699999999051E-01   5.9999999999999988E-05   1.5842999999999999E-02   7.6520100000000002E-01   1.2000000000000000E-05
 
       1       81   6.9457637795275588E+01     2500        0   0.0000000000000000E+00   4.5572366718489992E+00   9.8002712736671860E-01   0.0000000000000000E+00   4.3282796479790622E-02   5.2600715551550069E-02   1.8033290529372841E-02   2.6088563987303443E-02   3.5174079277380033E-02   3.0378459996131368E-01   5.5435257079183842E-16   2.9608092696650328E+00  -4.9088795173704514E-01   2.7483116486493833E-02   6.6000000000000005E-05   7.4567499999999176E-01   5.8999999999999991E-05   1.5744999999999999E-02   7.6190800000000003E-01   1.2999999999999999E-05
 
       1       82   7.0325858267716541E+01     2500        0   0.0000000000000000E+00   4.5523258679078822E+00   9.8005989509504776E-01   0.0000000000000000E+00   4.5626769487033432E-02   5.2462814050425119E-02   1.8033290529372841E-02   2.6088566241870167E-02   3.5589959156037750E-02   3.0378460022703058E-01   5.5435257079183842E-16   2.9613550030609201E+00  -4.9088795173704514E-01   2.7483116486493833E-02   6.7000000000000002E-05   7.4559699999998896E-01   6.1999999999999989E-05   1.4053000000000003E-02   7.6012500000000005E-01   1.2000000000000000E-05
 
       1       83   7.1194078740157480E+01     2500        0   0.0000000000000000E+00   4.5613909108423929E+00   9.8009768874702552E-01   0.0000000000000000E+00   4.8422944440946671E-02   5.1952780481820830E-02   1.8033290529372841E-02   2.6085486601726559E-02   3.5998074058006133E-02   3.0378460004666435E-01   5.5435257079183842E-16   2.9619222451923761E+00  -4.9088795173704514E-01   2.7483116486493833E-02   7.2999999999999999E-05   7.4863199999999341E-01   6.2000000000000003E-05   7.1950000000000000E-03   7.5631499999999996E-01   1.1000000000000000E-05
 
       1       84   7.2062299212598433E+01     2500        0   0.0000000000000000E+00   4.5667408026255565E+00   9.8013545674497793E-01   0.0000000000000000E+00   5.1363712143074926E-02   5.1067866449673129E-02   1.8033290529372841E-02   2.6088319587472004E-02   3.6381579726401880E-02   3.0378460002027141E-01   5.5435257079183842E-16   2.9625100729546130E+00  -4.9088795173704514E-01   2.7483116486493833E-02   6.3999999999999997E-05   2.1468437600000675E+03   6.0999999999999999E-05   1.9952000000000008E-02   2.1468642209999998E+03   1.8000000000000000E-05
 
       1       85   7.2930519685039371E+01     2500        0   0.0000000000000000E+00   4.5617859560785865E+00   9.8017061670622707E-01   0.0000000000000000E+00   5.4139425744847161E-02   4.9838782218683583E-02   1.8033290529372841E-02   2.6088163893877761E-02   3.6755383666997855E-02   3.0378460025056342E-01   5.5435257079183842E-16   2.9631174485464835E+00  -4.9088795173704514E-01   2.7483116486493833E-02   1.1600000000000000E-04   3.6463479999999935E+00   6.3999999999999997E-05   3.6280999999999994E-02   3.6871410000000000E+00   1.2000000000000000E-05
 
       1       86   7.3798740157480324E+01     2500        0   0.0000000000000000E+00   4.5499454494490532E+00   9.8020113783115670E-01   0.0000000000000000E+00   5.6444451626127219E-02   4.8325450342449547E-02   1.8033290529372841E-02   2.6087181380234654E-02   3.7111172415970214E-02   3.0378459996625745E-01   5.5435257079183842E-16   2.9637432100034884E+00  -4.9088795173704514E-01   2.7483116486493833E-02   8.8500000000000004E-04   6.3168900000001038E+00   5.9200000000000019E-04   4.3532999999999995E-02   6.3720439999999998E+00   1.2999999999999999E-05
 
       1       87   7.4666960629921263E+01     2500        0   0.0000000000000000E+00   4.5382769160297647E+00   9.8022587651588211E-01   0.0000000000000000E+00   5.8015614259697507E-02   4.6628133847309412E-02   1.8033290529372841E-02   2.6087486742698549E-02   3.7436876759350535E-02   3.0378460009730490E-01   5.5435257079183842E-16   2.9643861265289146E+00  -4.9088795173704514E-01   2.7483116486493833E-02   8.7999999999999998E-05   5.9588170000000060E+00   5.0299999999999997E-04   4.8845000000000000E-02   6.0157280000000002E+00   2.3599999999999999E-04
 
       1       88   7.5535181102362202E+01     2500        0   0.0000000000000000E+00   4.5362643871576225E+00   9.8024808112077499E-01   0.0000000000000000E+00   5.8678589986841653E-02   4.4859413689579547E-02   1.8033290529372841E-02   2.6087094860618373E-02   3.7750847180387820E-02   3.0378460021958981E-01   5.5435257079183842E-16   2.9650448376893959E+00  -4.9088795173704514E-01   2.7483116486493833E-02   3.1010000000000000E-03   7.2865679999999324E+00   1.1799999999999998E-04   1.0839600000000003E-01   7.4193080000000000E+00   1.5600000000000000E-04
 
       1       89   7.6403401574803155E+01     2500        0   0.0000000000000000E+00   4.5326151418765690E+00   9.8027053032391309E-01   0.0000000000000000E+00   5.8345889718515100E-02   4.3138323800013326E-02   1.8033290529372841E-02   2.6088208642838499E-02   3.8037667207855598E-02   3.0378459993910356E-01   5.5435257079183842E-16   2.9657178821446877E+00  -4.9088795173704514E-01   2.7483116486493833E-02   1.5080000000000000E-03   5.4918540000001892E+00   6.7999999999999999E-05   8.8301000000000004E-02   5.5898240000000001E+00   1.2999999999999999E-05
 
       1       90   7.7271622047244094E+01     2500        0   0.0000000000000000E+00   4.5360436949450511E+00   9.8029752370085321E-01   0.0000000000000000E+00   5.7057870371974184E-02   4.1584541013018270E-02   1.8033290529372841E-02   2.6088354412453250E-02   3.8289109891822548E-02   3.0378460017375403E-01   5.5435257079183842E-16   2.9664037288340861E+00  -4.9088795173704514E-01   2.7483116486493833E-02   6.7000000000000002E-05   7.6235300000000594E-01   6.2000000000000003E-05   1.4874999999999999E-02   7.7775700000000003E-01   1.2999999999999999E-05
 
       1       91   7.8139842519685047E+01     2500        0   0.0000000000000000E+00   4.5461752630675729E+00   9.8032987094337243E-01   0.0000000000000000E+00   5.4954212752072434E-02   4.0299484890993706E-02   1.8033290529372841E-02   2.6085358256683972E-02   3.8526078793410898E-02   3.0378460013689301E-01   5.5435257079183842E-16   2.9671007159337774E+00  -4.9088795173704514E-01   2.7483116486493833E-02   6.4999999999999994E-05   2.1506351349999968E+03   3.9199999999999993E-04   6.0108000000000002E-02   3.2172860000000001E+00   1.1000000000000000E-05
 
       1       92   7.9008062992125986E+01     2500        0   0.0000000000000000E+00   4.5462780359919437E+00   9.8036059392628794E-01   0.0000000000000000E+00   5.2264246291415760E-02   3.9359226601859247E-02   1.8033290529372841E-02   2.6088569276372826E-02   3.8728048872121265E-02   3.0378459996545054E-01   5.5435257079183842E-16   2.9678071087474778E+00  -4.9088795173704514E-01   2.7483116486493833E-02   7.3999999999999996E-05   7.7182600000000268E-01   6.7999999999999999E-05   1.9546999999999998E-02   7.9184399999999999E-01   2.0000000000000002E-05
 
       1       93   7.9876283464566939E+01     2500        0   0.0000000000000000E+00   4.5379673347758587E+00   9.8038446087071118E-01   0.0000000000000000E+00   4.9304526232310415E-02   3.8788189055124184E-02   1.8033290529372841E-02   2.6088557150132582E-02   3.8889730368622921E-02   3.0378460023095916E-01   5.5435257079183842E-16   2.9685210946300753E+00  -4.9088795173704514E-01   2.7483116486493833E-02   1.1800000000000000E-04   7.6654199999999817E-01   6.3999999999999997E-05   7.3219999999999995E-03   7.7446499999999996E-01   1.2000000000000000E-05
 
       1       94   8.0744503937007877E+01     2500        0   0.0000000000000000E+00   4.5230816170369383E+00   9.8040239471863866E-01   0.0000000000000000E+00   4.6411472207428112E-02   3.8569438313038648E-02   1.8033290529372841E-02   2.6085668883097997E-02   3.9033764505461192E-02   3.0378460003798030E-01   5.5435257079183842E-16   2.9692407455402670E+00  -4.9088795173704514E-01   2.7483116486493833E-02   6.7000000000000002E-05   6.0575330000001664E+00   1.4500000000000003E-04   5.1442999999999996E-02   6.1153680000000001E+00   1.4000000000000000E-05
 
       1       95   8.1612724409448816E+01     2500        0   0.0000000000000000E+00   4.5338633818803586E+00   9.8042074825351277E-01   0.0000000000000000E+00   4.3921717040013103E-02   3.8654319079435243E-02   1.8033290529372841E-02   2.6088264190429322E-02   3.9136374839394021E-02   3.0378460002683033E-01   5.5435257079183842E-16   2.9699640869124346E+00  -4.9088795173704514E-01   2.7483116486493833E-02   6.6000000000000005E-05   3.7075070000000618E+00   6.2999999999999986E-05   6.8513999999999978E-02   3.7787109999999999E+00   1.4000000000000000E-05
 
       1       96   8.2480944881889769E+01     2500        0   0.0000000000000000E+00   4.5306348131476106E+00   9.8044253322952912E-01   0.0000000000000000E+00   4.2117726319650300E-02   3.8951454945127452E-02   1.8033290529372841E-02   2.6088094026931661E-02   3.9194364913277199E-02   3.0378460025026127E-01   5.5435257079183842E-16   2.9706890578152696E+00  -4.9088795173704514E-01   2.7483116486493833E-02   6.7999999999999999E-05   4.0419980000000351E+00   1.9200000000000009E-04   4.9122999999999993E-02   4.0964669999999996E+00   1.2999999999999999E-05
 
       1       97   8.3349165354330708E+01     2500        0   0.0000000000000000E+00   4.5492412090262482E+00   9.8046221948563228E-01   0.0000000000000000E+00   4.1193550287523951E-02   3.9341894535497822E-02   1.8033290529372841E-02   2.6087302737174765E-02   3.9231405749129908E-02   3.0378459996117951E-01   5.5435257079183842E-16   2.9714135107914355E+00  -4.9088795173704514E-01   2.7483116486493833E-02   6.8999999999999997E-05   7.8950000000000375E-01   6.4999999999999994E-05   2.8694999999999998E-02   8.1872900000000004E-01   1.2999999999999999E-05
 
       1       98   8.4217385826771661E+01     2500        0   0.0000000000000000E+00   4.5671092391320158E+00   9.8047534797812053E-01   0.0000000000000000E+00   4.1239923597847977E-02   3.9687177764212940E-02   1.8033290529372841E-02   2.6087593423365828E-02   3.9222115839258137E-02   3.0378460010458397E-01   5.5435257079183842E-16   2.9721352718716414E+00  -4.9088795173704514E-01   2.7483116486493833E-02   6.3000000000000000E-05   2.4004009999999965E+00   6.6000000000000005E-05   2.3484999999999995E-02   2.4254980000000002E+00   2.0000000000000002E-05
 
       1       99   8.5085606299212600E+01     2500        0   0.0000000000000000E+00   4.5465645339636573E+00   9.8048634864403339E-01   0.0000000000000000E+00   4.2203408994872627E-02   3.9862601478238509E-02   1.8033290529372841E-02   2.6086964136755968E-02   3.9164642681333475E-02   3.0378460021372966E-01   5.5435257079183842E-16   2.9728520796413700E+00  -4.9088795173704514E-01   2.7483116486493833E-02   1.1800000000000000E-04   7.8256100000000084E-01   6.0999999999999999E-05   7.7119999999999992E-03   7.9085499999999997E-01   1.4000000000000000E-05
 
       1      100   8.5953826771653553E+01     2500        0   0.0000000000000000E+00   4.5650242386290731E+00   9.8050177693813467E-01   0.0000000000000000E+00   4.3929160695889612E-02   3.9781342953541410E-02   1.8033290529372841E-02   2.6088269155296353E-02   3.9083118065482522E-02   3.0378459993956292E-01   5.5435257079183842E-16   2.9735616243856091E+00  -4.9088795173704514E-01   2.7483116486493833E-02   6.7999999999999999E-05   2.1587790359999981E+03   3.0600000000000001E-04   9.7552999999999987E-02   1.1407795000000000E+01   3.6000000000000002E-04
 
       1      101   8.6822047244094492E+01     2500        0   0.0000000000000000E+00   4.5707602821720457E+00   9.8051883371820636E-01   0.0000000000000000E+00   4.6181273353446212E-02   3.9386975073469777E-02   1.8033290529372841E-02   2.6088400479627443E-02   3.8951920528981748E-02   3.0378460018005127E-01   5.5435257079183842E-16   2.9742615796545251E+00  -4.9088795173704514E-01   2.7483116486493833E-02   2.3530000000000001E-03   1.0864670999999840E+01   1.3569999999999999E-03   6.4801999999999985E-02   1.0949465000000000E+01   1.2000000000000000E-05
 
       1      102   8.7690267716535431E+01     2500        0   0.0000000000000000E+00   4.5758873332746468E+00   9.8053270933387304E-01   0.0000000000000000E+00   4.8670133193361304E-02   3.8666667248426163E-02   1.8033290529372841E-02   2.6085166596276358E-02   3.8769918754310594E-02   3.0378460012796504E-01   5.5435257079183842E-16   2.9749495451492542E+00  -4.9088795173704514E-01   2.7483116486493833E-02   6.7999999999999999E-05   8.6385029999999539E+00   1.4100000000000001E-04   7.1933000000000025E-02   8.7202809999999999E+00   1.1000000000000000E-05
 
       1      103   8.8558488188976384E+01     2500        0   0.0000000000000000E+00   4.5880352331942493E+00   9.8054377451390451E-01   0.0000000000000000E+00   5.1106135616457882E-02   3.7648276402580817E-02   1.8033290529372841E-02   2.6088569026375526E-02   3.8561303393937180E-02   3.0378459996987867E-01   5.5435257079183842E-16   2.9756231127021153E+00  -4.9088795173704514E-01   2.7483116486493833E-02   6.3999999999999997E-05   8.0158229999999993E+00   7.2280000000000000E-03   8.6580999999999977E-02   8.1183560000000003E+00   1.2999999999999999E-05
 
       1      104   8.9426708661417322E+01     2500        0   0.0000000000000000E+00   4.5746047001748078E+00   9.8055315279921174E-01   0.0000000000000000E+00   5.3217037481116954E-02   3.6400735204011422E-02   1.8033290529372841E-02   2.6088542518151788E-02   3.8301232300219180E-02   3.0378460023457210E-01   5.5435257079183842E-16   2.9762798595805422E+00  -4.9088795173704514E-01   2.7483116486493833E-02   8.2000000000000001E-05   7.4815299999999885E-01   6.0000000000000002E-05   7.3750000000000013E-03   7.5610800000000000E-01   1.2999999999999999E-05
 
       1      105   9.0294929133858275E+01     2500        0   0.0000000000000000E+00   4.5885502204699868E+00   9.8056182009450199E-01   0.0000000000000000E+00   5.4802234595364548E-02   3.5026940219028115E-02   1.8033290529372841E-02   2.6085845603914509E-02   3.7988828668778889E-02   3.0378460002948066E-01   5.5435257079183842E-16   2.9769173182628008E+00  -4.9088795173704514E-01   2.7483116486493833E-02   6.3999999999999997E-05   7.5140799999999286E-01   5.5000000000000002E-05   1.3450000000000002E-02   7.6535100000000000E-01   1.2000000000000000E-05
 
       1      106   9.1163149606299214E+01     2500        0   0.0000000000000000E+00   4.5884232950432295E+00   9.8057080686243014E-01   0.0000000000000000E+00   5.5740934381403345E-02   3.3635578288254288E-02   1.8033290529372841E-02   2.6088203262077031E-02   3.7648131422180223E-02   3.0378460003352542E-01   5.5435257079183842E-16   2.9775330493977283E+00  -4.9088795173704514E-01   2.7483116486493833E-02   6.7000000000000002E-05   7.5970799999999084E-01   5.8000000000000007E-05   1.6603000000000000E-02   7.7681500000000003E-01   1.2000000000000000E-05
 
       1      107   9.2031370078740167E+01     2500        0   0.0000000000000000E+00   4.5730064680743627E+00   9.8058088263370558E-01   0.0000000000000000E+00   5.5998324922917980E-02   3.2333920248976862E-02   1.8033290529372841E-02   2.6088018612203227E-02   3.7255694865403789E-02   3.0378460024948850E-01   5.5435257079183842E-16   2.9781246009327731E+00  -4.9088795173704514E-01   2.7483116486493833E-02   6.7000000000000002E-05   7.5987599999999211E-01   5.5000000000000002E-05   7.3179999999999999E-03   7.6796399999999998E-01   1.5000000000000000E-05
 
       1      108   9.2899590551181106E+01     2500        0   0.0000000000000000E+00   4.5980381357272266E+00   9.8058937118894696E-01   0.0000000000000000E+00   5.5644024649739027E-02   3.1203055781790560E-02   1.8033290529372841E-02   2.6087418540766353E-02   3.6810611986902775E-02   3.0378459995660417E-01   5.5435257079183842E-16   2.9786895162179055E+00  -4.9088795173704514E-01   2.7483116486493833E-02   6.7000000000000002E-05   2.1468208800000093E+03   7.1999999999999988E-05   1.3622000000000002E-02   2.1468350169999999E+03   1.2000000000000000E-05
 
       1      109   9.3767811023622045E+01     2500        0   0.0000000000000000E+00   4.5941930624715717E+00   9.8059299782807863E-01   0.0000000000000000E+00   5.4794392372904129E-02   3.0288278629025035E-02   1.8033290529372841E-02   2.6087694578704596E-02   3.6336769756615400E-02   3.0378460011184383E-01   5.5435257079183842E-16   2.9792253938541142E+00  -4.9088795173704514E-01   2.7483116486493833E-02   8.2000000000000001E-05   7.6104999999998968E-01   6.2999999999999986E-05   7.1820000000000009E-03   7.6874299999999995E-01   1.4000000000000000E-05
 
       1      110   9.4636031496062998E+01     2500        0   0.0000000000000000E+00   4.5799846733822154E+00   9.8059416693120738E-01   0.0000000000000000E+00   5.3590067796311681E-02   2.9610038133419624E-02   1.8033290529372841E-02   2.6086827857761556E-02   3.5812288288605325E-02   3.0378460020744436E-01   5.5435257079183842E-16   2.9797298284247589E+00  -4.9088795173704514E-01   2.7483116486493833E-02   6.7000000000000002E-05   7.5620099999999313E-01   5.9000000000000004E-05   1.2251999999999999E-02   7.6893699999999998E-01   1.2000000000000000E-05
 
       1      111   9.5504251968503937E+01     2500        0   0.0000000000000000E+00   4.5817075081752936E+00   9.8059595280069634E-01   0.0000000000000000E+00   5.2180462298322308E-02   2.9156764642558307E-02   1.8033290529372841E-02   2.6088324121801804E-02   3.5236148712622720E-02   3.0378459994045443E-01   5.5435257079183842E-16   2.9802004560793982E+00  -4.9088795173704514E-01   2.7483116486493833E-02   6.6000000000000005E-05   7.6030199999999071E-01   6.3999999999999997E-05   1.2780999999999999E-02   7.7356300000000000E-01   1.2999999999999999E-05
 
       1      112   9.6372472440944890E+01     2500        0   0.0000000000000000E+00   4.5853526754021381E+00   9.8059816785063347E-01   0.0000000000000000E+00   5.0708621128397954E-02   2.8895987078434882E-02   1.8033290529372841E-02   2.6088441013573733E-02   3.4632309232172351E-02   3.0378460018617404E-01   5.5435257079183842E-16   2.9806349829714343E+00  -4.9088795173704514E-01   2.7483116486493833E-02   6.6000000000000005E-05   7.5847399999998966E-01   5.9999999999999988E-05   7.2249999999999988E-03   7.6618900000000001E-01   1.2999999999999999E-05
 
       1      113   9.7240692913385814E+01     2500        0   0.0000000000000000E+00   4.6050353069508541E+00   9.8059983241045290E-01   0.0000000000000000E+00   4.9307092320459787E-02   2.8781268351967124E-02   1.8033290529372841E-02   2.6084969373576905E-02   3.3980144382713566E-02   3.0378460011893083E-01   5.5435257079183842E-16   2.9810311330001520E+00  -4.9088795173704514E-01   2.7483116486493833E-02   7.4999999999999993E-05   7.5799899999999298E-01   5.9000000000000004E-05   1.3634000000000000E-02   7.7214799999999995E-01   1.4000000000000000E-05
 
       1      114   9.8108913385826767E+01     2500        0   0.0000000000000000E+00   4.6026752881082764E+00   9.8060077910877719E-01   0.0000000000000000E+00   4.8053456279323933E-02   2.8763862671247628E-02   1.8033290529372841E-02   2.6088563238011276E-02   3.3278660291818800E-02   3.0378459997458379E-01   5.5435257079183842E-16   2.9813867160144349E+00  -4.9088795173704514E-01   2.7483116486493833E-02   6.6000000000000005E-05   7.6294599999999291E-01   7.8999999999999996E-05   1.2771000000000003E-02   7.7626399999999995E-01   1.2000000000000000E-05
 
       1      115   9.8977133858267706E+01     2500        0   0.0000000000000000E+00   4.5932693275807157E+00   9.8060158261265518E-01   0.0000000000000000E+00   4.6991547194953312E-02   2.8806100861732256E-02   1.8033290529372841E-02   2.6088522345232245E-02   3.2552339304790262E-02   3.0378460023785531E-01   5.5435257079183842E-16   2.9816996178415631E+00  -4.9088795173704514E-01   2.7483116486493833E-02   7.2999999999999999E-05   7.7237999999999507E-01   6.2000000000000003E-05   8.3029999999999996E-03   7.8115599999999996E-01   1.9000000000000001E-05
 
       1      116   9.9845354330708645E+01     2500        0   0.0000000000000000E+00   4.5969602391660720E+00   9.8060227906716213E-01   0.0000000000000000E+00   4.6159926541040078E-02   2.8874411656716774E-02   1.8033290529372841E-02   2.6086016764825540E-02   3.1780999643482098E-02   3.0378460002119384E-01   5.5435257079183842E-16   2.9819677759248790E+00  -4.9088795173704514E-01   2.7483116486493833E-02   1.1400000000000001E-04   7.7148099999999498E-01   5.6999999999999996E-05   1.5872999999999998E-02   7.8795700000000002E-01   1.4000000000000000E-05
 
       1      117   1.0071357480314960E+02     2500        0   0.0000000000000000E+00   4.5967229817894593E+00   9.8060275513764861E-01   0.0000000000000000E+00   4.5588535592411598E-02   2.8953987524173427E-02   1.8033290529372841E-02   2.6088136803132100E-02   3.0964036778120207E-02   3.0378460004034258E-01   5.5435257079183842E-16   2.9821892501951859E+00  -4.9088795173704514E-01   2.7483116486493833E-02   6.7000000000000002E-05   1.2080880000000105E+01   8.1800000000000004E-04   7.5587000000000001E-02   1.2171455000000000E+01   1.4000000000000000E-05
 
       1      118   1.0158179527559054E+02     2500        0   0.0000000000000000E+00   4.5946761940071683E+00   9.8060327905187850E-01   0.0000000000000000E+00   4.5309712926728606E-02   2.9045982426346276E-02   1.8033290529372841E-02   2.6087937649014209E-02   3.0127138908019296E-02   3.0378460024823095E-01   5.5435257079183842E-16   2.9823621807564775E+00  -4.9088795173704514E-01   2.7483116486493833E-02   6.7000000000000002E-05   8.2214599999999893E-01   7.1999999999999988E-05   6.1175000000000000E-02   8.8389499999999999E-01   1.4000000000000000E-05
 
       1      119   1.0245001574803149E+02     2500        0   0.0000000000000000E+00   4.5945724108560269E+00   9.8060373628570874E-01   0.0000000000000000E+00   4.5338383083341122E-02   2.9148841340863565E-02   1.8033290529372841E-02   2.6087528791676189E-02   2.9249254855574496E-02   3.0378459995256091E-01   5.5435257079183842E-16   2.9824848002779207E+00  -4.9088795173704514E-01   2.7483116486493833E-02   6.7999999999999999E-05   3.1224560000000001E+00   1.7999999999999998E-04   4.3813000000000005E-02   3.1704770000000000E+00   1.8000000000000000E-05
 
       1      120   1.0331823622047243E+02     2500        0   0.0000000000000000E+00   4.5945724111988531E+00   9.8060394065051260E-01   0.0000000000000000E+00   4.5689192106654675E-02   2.9256109430869603E-02   1.8033290529372841E-02   2.6087790207986499E-02   2.8330763200656341E-02   3.0378460011907066E-01   5.5435257079183842E-16   2.9825554885208918E+00  -4.9088795173704514E-01   2.7483116486493833E-02   8.8999999999999995E-05   7.3100399999999810E-01   6.3000000000000013E-05   1.4953000000000001E-02   7.4650000000000005E-01   1.2999999999999999E-05
 
       1      121   1.0418645669291338E+02     2500        0   0.0000000000000000E+00   4.5945724113670066E+00   9.8060406250380150E-01   0.0000000000000000E+00   4.6378508940899024E-02   2.9355244773700381E-02   1.8033290529372841E-02   2.6086686022974176E-02   2.8010053549860723E-02   3.0378460020076348E-01   5.5435257079183842E-16   2.9825727142998701E+00  -4.9088795173704514E-01   2.7483116486493833E-02   6.3000000000000000E-05   2.1573168910000081E+03   7.2300000000000023E-04   8.0102000000000020E-02   9.9272799999999997E+00   1.4000000000000000E-05
 
       1      122   1.0505467716535432E+02     2500        0   0.0000000000000000E+00   4.5945724108337647E+00   9.8060443948101617E-01   0.0000000000000000E+00   4.7387635190803988E-02   2.9443232044292771E-02   1.8033290529372841E-02   2.6088373543038956E-02   2.9046141854097950E-02   3.0378459994176465E-01   5.5435257079183842E-16   2.9825350816079537E+00  -4.9088795173704514E-01   2.7483116486493833E-02   6.7000000000000002E-05   7.9392199999999902E-01   7.9999999999999979E-05   3.2555999999999995E-02   8.2702600000000004E-01   1.2999999999999999E-05
 
       1      123   1.0592289763779526E+02     2500        0   0.0000000000000000E+00   4.5945724113492696E+00   9.8060520998025291E-01   0.0000000000000000E+00   4.8664308054666865E-02   2.9519187425619365E-02   1.8033290529372841E-02   2.6088476013580955E-02   3.0107886736851636E-02   3.0378460019210818E-01   5.5435257079183842E-16   2.9824413515906967E+00  -4.9088795173704514E-01   2.7483116486493833E-02   6.7000000000000002E-05   7.8742399999999768E-01   6.4999999999999994E-05   2.7950999999999993E-02   8.1589299999999998E-01   1.2999999999999999E-05
 
       1      124   1.0679111811023621E+02     2500        0   0.0000000000000000E+00   4.5945724111798221E+00   9.8060606886437252E-01   0.0000000000000000E+00   5.0115545213309791E-02   2.9569700767092418E-02   1.8033290529372841E-02   2.6084766587941989E-02   3.1181996915167334E-02   3.0378460010982022E-01   5.5435257079183842E-16   2.9822903931524021E+00  -4.9088795173704514E-01   2.7483116486493833E-02   6.6000000000000005E-05   7.7191699999999730E-01   6.2000000000000003E-05   2.5498999999999997E-02   7.9793800000000004E-01   1.2999999999999999E-05
 
       1      125   1.0765933858267715E+02     2500        0   0.0000000000000000E+00   4.5945724109116828E+00   9.8060662733584725E-01   0.0000000000000000E+00   5.1628907287786366E-02   2.9585165165300242E-02   1.8033290529372841E-02   2.6088551911981412E-02   3.2257024493061018E-02   3.0378459997955282E-01   5.5435257079183842E-16   2.9820812472370348E+00  -4.9088795173704514E-01   2.7483116486493833E-02   6.7000000000000002E-05   7.9457099999999814E-01   6.5999999999999978E-05   4.0628999999999998E-02   8.3571200000000001E-01   2.0000000000000002E-05
 
       1      126   1.0852755905511810E+02     2500        0   0.0000000000000000E+00   4.6007104484473800E+00   9.8060679739935797E-01   0.0000000000000000E+00   5.3081040761790065E-02   2.9571332936592885E-02   1.8033290529372841E-02   2.6088496630679994E-02   3.3357506466108147E-02   3.0378460024079540E-01   5.5435257079183842E-16   2.9818131116003874E+00  -4.9088795173704514E-01   2.7483116486493833E-02   8.8999999999999995E-05   7.7736799999999584E-01   7.1000000000000005E-05   1.3058000000000000E-02   7.9097499999999998E-01   1.2999999999999999E-05
 
       1      127   1.0939577952755904E+02     2500        0   0.0000000000000000E+00   4.5966589236059745E+00   9.8060676291126814E-01   0.0000000000000000E+00   5.4321602391895346E-02   2.9559626603761012E-02   1.8033290529372841E-02   2.6086182366482167E-02   3.4452770469514296E-02   3.0378460001314950E-01   5.5435257079183842E-16   2.9814853182971293E+00  -4.9088795173704514E-01   2.7483116486493833E-02   6.7000000000000002E-05   7.8835499999999625E-01   6.0000000000000002E-05   7.6399999999999992E-03   7.9652100000000003E-01   1.4000000000000000E-05
 
       1      128   1.1026400000000000E+02     2500        0   0.0000000000000000E+00   4.6098639304842930E+00   9.8060674538678971E-01   0.0000000000000000E+00   5.5205170282535562E-02   2.9589774203731659E-02   1.8033290529372841E-02   2.6088064814313056E-02   3.5547698129264657E-02   3.0378460004726765E-01   5.5435257079183842E-16   2.9810973974922121E+00  -4.9088795173704514E-01   2.7483116486493833E-02   7.4999999999999993E-05   1.5176759999999980E+00   1.4299999999999998E-04   4.8834000000000002E-02   1.5675820000000000E+00   7.6000000000000004E-05
 
